775120460312940544
1252990922
4443617919
884133562852798465
845369220720463872
4172487136
2779926419
481586123
4455136516
414238687
2471680740
3264791584
153184399
1390716944
952356431952572416
4616247501
127941159
902558138192330753
4197473325
1253205390
926659933
254316467
2207385163
2802397790
3627323595
911195259283140608
853485301209210880
844033251413020672
4899171773
734914459
412603416
797152974
187047762
362095640
1347622838
17129020
817180269706969090
717128928
910601047042854912
595840675
205204049
167628720
3317940664
813804262614564868
922971711057940481
4069763853
1418348443
2980611887
4190344523
2734866437
3106718386
371546732
159468538
317585483
309177991
1598951042
811608886063091712
1146027914
856002591137947649
792330804
764602006203928576
514727371
886759795981791232
869343505948303360
3075453035
824995900284076033
262872312
1421177671
2716204655
874941528543821825
1612486452
926059149020073985
123969911
4438133241
838191576153264128
4389207675
302090543
188026970
364304602
489735346
205721520
1087791181
754472967363502081
3296568033
939551101774454784
498693216
125337474
866840221
352668461
1257838134
609771750
601368401
2728640021
732283984382693381
188606110
4197469961
833202018412027904
755035461538709504
2513461156
4628041221
147390617
85933279
732717476073639937
708061247061753856
50353005
870397502452895748
757278330236309504
4639015092
891457257682219008
726944587969912832
866809684098940929
192097134
313414835
138519555
821171096582062080
149577603
939594755599732736
2884879569
472687573
149238850
4433293101
3405190318
3135595924
3462238936
3893850623
715713128923795458
2583775011
568559126
400345339
2984275319
353635491
109353330
4151080641
2652853400
1665518737
204058629
4830229167
178879936
1614343844
4486055565
852763767494516736
808092704701906945
263925147
849333320798412800
3173932642
2242723305
724762789743566848
491341356
568862796
1494318799
880548677814808576
312071487
765287281
1141416996
955123286429655041
812675495091470346
938180643065946112
945494096285716480
942724724576194560
579268542
4779383416
213629126
4636584016
749776683939627008
916418638831345669
818589145
721375026503684096
311171526
280579209
4827388379
938818260711206913
275314877
751845517232144384
989979932
1243487965
930707554593837056
268382888
209919889
4196898628
725812041097875456
870199540959371264
78038152
845838285155041283
210286298
824677213895266305
1467043896
4342283537
3399281115
258372046
139204153
3264452290
2430281547
290238431
1353140635
4198060960
569314050
2482931576
208553735
4766035248
311039191
360240301
417026180
2805934223
53407721
4774247901
1498975142
611329737
578146748
73031233
4178747848
802557447852396544
1387779810
3054288544
417228679
218158484
3579939695
1621346238
825480037973504001
199038582
710532875930750976
792203275
841373176919646214
914634354852327425
347033319
97918224
158105787
2624356467
336859114
1693650776
4589176468
887049016453857282
591306165
2727432991
3352846438
4153515377
457023568
308756576
937062521462296577
3252181216
925516383651356673
3099190497
134499526
839244108040372226
3402023547
1553916055
347505995
3385687450
859896935884480513
344055701
3080277849
3930961283
4570874421
904110944485351424
792457828032217089
4270874422
305029444
456184752
729085823895789568
3368326677
4588868777
804815344422551552
420938017
272227257
2990206665
880075561619660800
225489831
778388845989597185
776494649712271360
33076490
714255642291265536
331272179
4195171642
2838925913
557139629
834408480995942400
901285877200171009
1697778403
781821697171263488
4028708099
823565129711284224
925460900957622273
701056104978128896
835198346604261377
256087514
383473483
884193798783479808
941069487868129281
470437969
259921962
3708726675
117382601
132396861
199807745
754239924770107392
1277999094
156213282
3181289477
1210013696
2278210369
4601569703
840375104685113344
1529402443
152028221
2350956690
155388655
163472892
2828691201
63268344
205495781
148907000
902001598506913792
4495578029
714798921357385728
605870669
212323455
1146439675
3350715423
115387252
762304617258553344
746148945861173248
749090989273260034
167996408
3756617055
882094002979442688
716785878820118529
436248241
464075221
2834926876
300652328
3131286267
716282224
3932137019
94863040
166692322
711710889657962496
937422459405553664
66748185
884057860195459072
2649509616
2747927035
143600737
866449060827455488
204623876
213364035
362579636
404573663
2599794024
837462386105860102
39254138
469648236
50724992
888909833424035842
4195935034
869286115
108104637
2562143851
821838762430840834
954763081
91676906
936744011062304769
908778127278698498
878646800902746114
307611989
829770155991433216
781512342232240128
208577217
231800975
2769280281
903382742498500608
853950045724520449
787530398087704577
2370350781
220433012
953376473443905537
2873933971
14591207
701631620822999040
1976869716
2605154008
4258573799
610206288
243827202
1173063865
168682450
860307322651934720
1110366601
1412764626
731987182743912449
4871564415
217288412
951559420835778560
131011940
143989797
925605159690006528
3314212745
208543060
1469391320
904278714
758733844740571136
256640617
781849538931879940
2162459267
3091350599
434323154
131361976
3031287259
161439241
916360172313997312
953384784990007296
260454435
2500982883
848969241403457536
213039166
868550704675381248
829016716554432517
917945914802745345
2155098797
165136131
186096271
259881090
345662007
718102862
2998737521
762358559220826112
341284659
161497051
1286607618
160437621
86599139
854639998766919681
2747013183
748772319233921025
2337452678
158533352
916297083816116224
744703980719190016
2547067327
2848334848
3918688756
440960429
709039606596046848
46255215
323291328
166838314
622389534
2616287576
811617208791142400
887026117198180355
207137421
891526190951010306
783055052068052992
2875798677
713028058207358976
2494310100
721154608576491520
912458243502432258
888746710670946304
153805256
2155880478
2873088335
4288253315
154913302
846267928001568768
767423501586366464
810526134429487104
4196448585
4690204003
1230537102
303487087
188901933
2688097926
2205950088
174052293
4301775809
4798474835
2276241716
2559394208
2349715198
4795345446
195855213
183454242
3369783807
842469106225942530
901592023504998400
295993746
1284589344
2789071782
4336392443
150264310
1179822284
592201620
1119824148
2551818964
1618632614
3154078678
186593162
946424114650206213
355745319
2397189652
2528928660
2400621216
179563784
1243885920
3230145635
272105968
106489583
875663573745369088
905566472524754944
717384984072478720
493258749
749239603035574272
913431973766582272
739111348953583617
163285924
4863705899
864684334325911552
27437800
4281171555
326264388
710603627388395520
1849630824
182175555
274556833
826790347263078402
151893473
862186368637825024
715672847646113792
357742193
612535791
860441228
175282182
833165915038560256
634977000
153547006
172952451
196435835
197090653
813790707957858304
713084497609297920
858027742834696194
619432463
3130366594
883457366250983429
1348237596
352247536
85581981
4737433997
193311618
4634561957
876910046709469184
244756469
276517334
3438378724
163082855
886718206186016768
876928055100526592
532651594
30515405
954360166815760384
1435870170
238376853
2427824144
1486724556
720359018410221568
873697938870067200
514754855
448499584
3426053313
3515042789
4145398043
574468354
75176699
138091807
199146775
3207508701
39397930
60701312
3056596965
950706034083008512
150651467
746453947
366221788
275610731
179553793
2554914156
1498592516
145604652
131370402
896932861978259458
131267413
1431189150
877628637318705152
2947286673
4624652921
169645873
775730888969687041
877884232722501632
205863451
1918960652
948671874401292288
614844856
171527079
915343560471441410
166801998
3001460122
790617182
612017873
701768610
205380227
927338006964572161
928130773152124928
291130897
3215216950
859902010841288704
903849400400834561
878985152
1333088743
3077578797
2928861628
919955023811022849
266173047
4824253809
3756413835
614659117
830787587832967172
376955408
723880982194061312
2387764495
169953640
727234254376050689
3397729937
882798449703485440
4260177557
186599899
1327249620
1255347170
8565932
711661358488657920
3372620381
2966141290
115406995
147328073
923293047990968320
144313618
363311658
842842621605302273
2450324088
4190395895
838215425284587521
1275638053
43588460
1023164432
1625777142
773593646788702208
4010899792
4550182613
1183797020
953771867273297920
3653455396
610352856
894473532
2413017614
224454130
735716670598062082
400902259
876964927
893575041568444420
2369332701
1920895292
3042049638
369120654
859544503325270018
146713508
1931389867
180170244
2880111257
1101532662
946193920215736322
325018071
1599814878
4739478261
861827108
251398694
3357565367
1016514079
36409262
876234253679439874
266415072
630320617
724991849912500224
743594550376210432
716695311343812609
553786596
585205927
215279725
836364132412698625
3109116411
3984004577
2795307903
879823101860741121
315984735
3418221148
3742135035
833426540486651904
722074658430939136
208857191
3165161980
168254714
572699492
941443124706140160
240566770
149686901
953858053
2553494264
829457553402781708
781998256939204608
44208415
147750787
804691272871067648
760283410900328448
857564822795366400
945773489843265536
248244937
879118488790605826
292971355
3311072896
370256146
838675118083670016
735476886097285120
766456262
890329942277447681
371412771
935899801715138560
854699361498001408
4486646963
145878015
145043868
2434802634
288414596
1918713900
27047088
2290464434
208614492
395929679
2940976978
4561573520
457586812
262281168
2992428713
297960694
704044332270096390
893781795925372928
2486489226
143188649
433103947
3374198391
4873896923
730970684969508864
296713196
898027635003068416
1528822513
704273156622688256
339363558
192651499
928591533208727552
4696697814
331204184
577498259
1301910931
905037156
953615537107537921
196043943
905998208316223491
885945632342585346
225539130
399620981
907602732906946561
2616435337
805022684887318528
359535812
2369493301
312923505
291771744
818708761946759168
139105803
492482913
372770596
151936849
400393661
938762000229961728
165602631
885256376343244800
4268990776
1918342680
1389423794
212946503
282833933
2985589131
394995982
2808819851
111614038
146431317
143574593
186836922
255598157
25467341
