952960900750815232
821153259775791104
850298996832821248
2365692456
4842899105
3026305647
2916456381
928656337994764293
126128572
600083336
32004851
810474932165611520
737085823473061888
135464164
3432959230
2881939144
249668286
892045436055322625
14568552
835678458269282305
899999419558440961
167563810
58064534
946839496267624448
263879861
58086992
2803752921
49064653
263420231
101255538
779185087
204417213
33435237
228577853
857935972302020608
182118000
1476401210
904771102269952000
2529086442
460263352
847801669685587969
384901069
3437319347
953788162597445632
173851898
869702500257075201
837792786
2305410974
160020766
66205927
3046014311
725523958146174977
722093820582707201
776476600678412288
820099223509225472
63588670
893633007965351937
268859460
896328710839730176
3347301916
252804420
189248501
185339372
728564742747521024
105694098
49113731
2189395211
419766418
717731246680498176
4175130315
818240733102669824
90897488
2976190647
1965473114
2377137219
3824585836
1375239859
64357195
751889081135689728
3990138682
91827419
1623331453
188863514
425919418
3294230561
1350259705
50901050
2980069438
29232058
2996832729
1166530836
928017008595292168
780231999109955584
164538791
30486121
949081357912813568
3026189775
933496194441121798
106425301
497150491
210042340
859575832943185921
885954626465476608
706024358523891712
735723034347069440
176613360
794201400611897344
319349275
218684207
2367003243
63318916
231649856
937348196921114624
49631017
887360384579100673
158964977
774379417569230852
2697232702
185483651
42994751
2365699398
891974846623645696
2962325092
947191216655011841
320916324
529645252
166834961
1305446390
2163601862
570388599
167568597
4150125374
57354671
3105108615
176604582
858295099960295424
67487546
366197755
2778726798
801451566020562944
1421973835
78126545
2263527887
2475411135
304605143
278334512
2691293724
838973210372751360
854775045952081921
871133532810125312
65385817
920641566003355648
371848201
20827795
104916595
906704413322088448
2484897833
34511427
65796717
2480836789
928937211827048448
706898845914046464
193515332
710126221561044993
4149232155
2379775627
827851482
55958912
35565544
2267889882
603174467
854405252136804352
2271069087
3514964895
16955931
2787354563
848682589699416065
50894635
179197416
779055648877281280
255688484
1526024870
136884044
68498904
287811068
829738690771558401
102565843
909924391542296581
2786316953
4595812942
1066111260
923979549427322880
2966837523
947067675762741248
48541818
182561268
869368489995382784
35917923
282532497
889152049715306496
3930761241
60357565
139593881
702907002482270208
535960219
1508333785
3049348312
513733280
2502549826
876232896167780358
856587886094843907
2806416231
2949643293
2680546844
2280327106
259783127
113208604
26491416
3135536475
2550020653
949082153954037761
2981768955
855811973652590593
189605798
57813371
120949200
813315348338450432
204581831
1347077785
126671855
2745759835
341805961
195830408
139860744
251268123
14794243
732771960548171777
777154894226653185
3239642085
806177965000314880
41728708
3847609156
2261030457
14706055
16614199
470528872
4921811776
40027864
3672418935
2999582918
130717368
1137015991
243799287
695883240025022464
572121169
3138265925
830835363967070214
188355765
2516692544
72286639
620650049
874728809127444481
178430777
78121472
86745547
831084376104529920
802109294405619714
218333865
184898488
414910234
806165951561482240
61210922
55207359
364619270
953697769688051714
3343048757
17474481
915973751996583936
113083375
912096314199908353
831192469693984772
862475554431356928
870602433445212161
723160558413987840
2806319989
168778904
47011988
134572878
2515912359
3373232345
793918292826161153
714522491461439488
2569490307
2774914234
470636324
214923661
707772568
2437579938
3382536335
1112622110
172838681
52031618
758695354749612032
786609913548144640
275760101
796241086738026496
123083763
2344328377
2440591085
322954634
204381497
86498960
2399620655
828667808154267650
2898298492
2263254374
3014559017
1207291069
172727686
917449901319049216
2746821695
845005019510423552
69153694
2279202090
712732013703380992
2796703910
101321843
74199297
154684944
79527632
919622857855991808
1272404605
26884896
880489719179739136
1523351934
235278696
37723058
762832647349559296
4407427576
265501099
2696331486
725083153497505792
173817113
895234624053538816
802543408237727744
1465232052
62140453
847772858373873666
843984442452533248
4550717541
1110208027
2250834776
199083848
1568657670
61807014
33558738
2943093201
793643737
248874532
2243926166
4902715181
4698931568
426551820
103668450
801086722285113350
4600479737
117850750
32072434
52415292
3180818938
776051950232014848
2855082453
1906340161
872246718187929600
421346436
59210870
834032272663859200
2438939200
74605081
51477711
607705291
69867328
96007805
3342772480
57433189
82341885
2787200752
772514191991246852
775136153326551040
2293902868
65392917
111478396
144608498
138431656
260003092
2557402077
2568031879
913376864449781760
765642398374461440
4241318003
882952885830594561
851177636
55291962
707226715840520193
140502540
583075509
1974768320
1625755663
86313923
4850420290
46809720
2310733223
746809833114968064
1573675944
1289086200
4807302389
922979307928121344
91990957
776679631
202713165
804043303507361792
2310765824
220742365
1629576702
916402407289929728
781271871522242564
1875876152
60665224
285839565
843973369435488257
3044770409
876213487353180160
809463738
935183345348202496
55989071
379975791
1713761478
1455530209
3308491431
3396291767
759407947
3398703483
2163881443
61068210
2670047111
177532373
245046798
846544207531663362
936681419199348738
928578281837867008
408569595
392338991
328176752
108015598
3092607190
1334253602
306778809
829424101429215232
2407537646
796113192
53982750
220051110
360361293
511041808
50360801
59771262
745843887420350465
3924328103
738873823
869643010346283008
2249012053
2603857916
29395691
787809535067033600
735877670135828482
1416827660
898581650119983104
92823245
3149962205
4902404559
2848811770
71866555
319273489
948368046913130497
193201884
380973289
16876863
872649049
951303773040926720
86831126
2454798670
750133850127433728
65631656
156089037
2162983615
92629822
3293911856
853717677105442816
3120663778
64747926
2262281197
163135278
569225068
1477256822
32385166
457968900
292028084
918836764713934848
75910566
22860247
789300965497266176
2358185803
22757964
1575949711
343044834
135256722
43476953
608190308
3248766491
702852995235581952
39819524
2855770035
64813857
730542288
890038901926244352
103645376
2843999351
3039997863
874250204
933089131202146307
951130045510225921
173950364
174705785
916389585466417152
2650714156
858741367136288768
294034676
156486859
188931141
61778533
58235730
3011048391
716836503318622208
139126353
926068285828943877
307888489
235222431
32098141
859724608219557888
1608489145
910321083978518528
137138930
761550705819811840
2535920501
892859352863965184
3845413095
343551031
889095921232957442
247106824
171483132
359011426
4344192633
101606819
2352880846
177799660
2478624720
3303082414
305177589
118052263
802298657714372608
955128706296664065
4539799354
393719256
3398143007
4835211933
738897925468782592
736191060087582721
825715600697749504
4865839630
911970556752404480
1315182469
756635151250124801
1716313302
96961126
47085809
115473601
2598747878
2810043837
2897877826
879294605694566400
930598105673797632
819066881239719936
52429582
3341976723
1184262696
885975846611279872
4117219661
902632205259825166
850785651628933124
781995755804487684
953979371836059650
114561897
1235776111
817048720462200832
815948025260572672
2516828927
2845897565
166259166
379716795
390413360
2975110049
569113258
385271352
2988445714
81577736
67359764
281774361
705456683313700864
1071582210
842168767
194645058
3312364997
109005018
2954041171
635064633
2881740375
3049250873
912702553158246401
3295923939
568566228
886710556186603520
71883005
942087420597735424
932318193686925312
222286229
73264992
288043194
1929297319
33192679
3459938182
169725807
855894425343594496
850399923283648513
3430878027
200652435
3293328730
2950312205
144678171
82372330
3099485283
60445188
71464354
4788278057
870241431813795841
945294918616010752
145366029
707687910565388289
55381609
3613138839
476762623
2636298093
792825520727687168
363879946
903042910228185088
496916159
1941890498
1405359979
905739292961583104
15415753
420786223
809543208413827073
351649930
3401736287
817420441
708632213747802112
2660073002
1926967933
819896403744923649
942393264325439489
4092846676
1654227680
394335434
932097641923710976
353450108
464985393
760278594237132800
792117192590516224
771035442141597696
905730101035364353
729535158228008960
214236475
3786302297
702943304
938076137271545857
702048350
2334091415
1176099913
3572401515
832372603209777152
4253183897
24787703
3057269241
47324875
827617285166739456
4213083424
854295212742594560
718272972851646464
2434479096
16874618
3442737015
2281110529
331130277
3435052498
2626131610
331920510
511137783
1621477202
193529267
382261316
87348345
182672374
956219503930740738
802149917317861377
174367812
953703759829401601
3883115062
859828383143874560
113616718
936506119643639808
55411389
336488267
136679183
196140351
3029196743
84140470
866061218150305792
38753036
177000971
229099521
843204519932715009
892933753831665665
823633489295736833
391714169
874822208740306945
23982468
1646061902
714503076292460544
563729162
2317184530
3413574527
82435214
694946089544318981
322120660
890258157171298304
57197541
3908858116
59215939
994871432
115687738
175438711
109013845
947502797259493376
306895958
2347838744
3193054295
42828828
928343498
621158680
364015836
2784479297
1081926001
2677114822
1681957052
68762334
99750380
299862125
93268389
2339955411
66146040
846626034527154176
713013129907736576
749052050990923776
822514722583052289
3347967190
51588583
737520654
335591186
869982214074839041
4010736375
3868134377
750311414
946424795939340290
4625882980
3390502888
2226478936
2762483553
211295496
926262645250035712
955194569276174338
850173235656364032
1257398203
164007194
563094648
1283287765
357647867
803929812637196288
2467302827
63530218
909618037090856960
16998087
720039424076161024
845575454446817280
2843003962
1080817741
831947702342713354
83628899
2702507592
1529551249
128260941
747314828
291206532
22407236
1087218997
723355513396690944
894695076282191873
39088159
1304752723
833064649075650562
151265609
60793518
3060499649
3397512207
747848018
1163038662
2890250412
198533699
3385127895
484340544
2775828455
2901698434
713396826431492096
57553463
67041451
583259721
3403709741
3167827457
789589156028620800
931358681215787008
232840835
807707971186724864
889871123013406720
207972128
3234643566
3082223424
159608438
51496277
893052221390282752
211991111
807703334387851264
768999798380847104
794251518694264832
923355600502829056
2778817262
4377414196
804727428992135168
741340215378386944
3304854857
399565098
1397688913
63462840
1650508651
1377120217
3354017477
2347809591
720318731772145669
727148654570643456
2892873053
705906025854009344
114493275
141800923
37339267
279195004
712373441417121796
3035584828
3178451639
3375101591
383264367
953732008307515392
1276627380
753754434975531008
742788152
2617810561
2623558709
195458943
64472799
741134641357279234
203361939
104678177
567287640
591698715
2778775778
180385151
766034887832928256
907341102260346880
4687374032
825898474537361409
508833902
2977137790
951962288134778880
1967191002
3257576116
811022867899043840
731630940255096833
14500784
153227900
67313665
482331563
2528246047
2590157269
3244483330
793553201626746881
48878909
3110352617
878984828691107841
188929983
1834990302
3244832188
917434318137561089
2707744554
3142451847
774029113065664513
3091524917
174239236
768612467517845504
2871345816
705859844176285696
914887656537980928
3053895858
220348543
54997095
1601836363
591979315
289943685
378171700
730215049353150464
440011214
284846371
4871963313
1056074210
888782486221750272
730561179672842240
2889073115
65221436
370121222
45389569
800825323843686400
724593239710416896
59585496
90617235
199912203
894190886833336321
52490830
838549591779868673
929873960627515393
1973292248
2862721732
2963396793
26663913
1328038700
746093606805577728
799390202351460352
2809428106
2598286430
374782485
2275895518
2677646613
4714884982
1424714929
165850219
1041153134
56247338
923735035647266819
892931993624862721
365809404
1525092043
938868644410548225
899284389921738752
926128934953144321
220416677
299981580
1354327520
709563415
625161654
1358375492
104975481
331988321
3061798485
574402381
281821820
65354010
487850456
809733283860856832
739448593
378978130
184375021
269499719
209761441
948675418244222976
186668669
2235033216
734922634933243906
3589542503
849703039460147202
194413940
182461601
4614290308
950330224654372864
228504327
913805107606716418
3342303514
268845786
74740958
465634795
25218499
55448077
3432078017
711454465681924096
540189557
339818725
150078673
210956524
1345547713
98260057
828740284922093568
1497046753
2826359149
76834302
49036624
3152635695
60832848
125803830
2454774775
848386046752641024
461423495
965336316
334839179
4145610435
917751362280218624
747272436
2744892342
2742104771
67732284
3034386485
2504839840
926488179124981766
1224355981
329931289
4926269033
1083382944
2786513141
602714906
62517611
4053495863
703422817019281408
4779127833
839476117408985088
243270227
216925725
3124200226
876583756362121216
818633179502444544
607688992
1465692656
1370295182
2999530600
143775432
909277266756161536
26158897
883131630055018497
951921499958665217
75845499
2825054724
3391248071
1377408002
1216599770
790931734829404160
2538201597
49819172
61066380
95936961
892749032887595008
4115262562
1422940392
4587490647
163319998
1646449488
972462380
131211142
357232550
52548800
550031950
198359444
2253475578
2803890363
1643750532
2992649441
259924656
58081907
481058704
1321749318
719459741496426500
927301052860387328
2910225827
2575070960
250569489
2174898936
941424138048233472
4098427156
2174402707
847965980903051265
127283945
66456502
913888276196491264
2982604485
382416698
151510745
2482810801
43391297
124557805
325870789
69442465
4604525476
2170257564
368543379
3234366029
52387489
327679029
789984154255552513
1215777751
128311146
772114058
838606690207608832
316120545
16152698
97602940
910909460935331840
951835120134172672
48871458
550325168
947289567769579523
36879200
296879701
1170313681
796324002419589120
71084673
210983198
44258331
2895030275
100769533
908124382119292928
128676759
360922497
100824682
2862219975
3127687596
567544898
1669568582
3300790011
936943645
860446956098813953
829708319430426624
822922440930115584
3001659755
75831446
629490778
865648073283846144
878830381474226176
923905837642510338
271020938
96453209
2382945516
4430878937
919348952822149120
722940842416013312
2937257147
14752477
58113236
237826246
895833657168056322
869360878256349184
2457127128
276554722
2750493741
892138296725438464
58940841
3290584239
299828441
43805363
857020385363202049
243461966
783353013570273280
4832483097
587950764
3374191234
4641836656
132603510
818832821301035013
2767165805
2752271723
170679828
896568941304303616
2961185536
951851705553113088
2832922721
51761051
2957410013
878598330
951146956499443712
3430308015
195195253
57425387
59088529
422587718
866772979
3300814996
792055258637885441
3429103954
89496404
766292051935846400
820407126157914113
178552039
107731568
912898270069972992
937894211239731207
1280955486
69926040
504496197
1541661823
330018618
1520338454
179393698
892866515854405632
77362508
3982178973
714796508722438149
26294702
946273025917358080
278031220
954136760153509889
26516577
73186023
47251304
2609386182
4561644673
1671671857
3432186953
2942791912
3033453405
534696452
881739578
267387398
161649443
764287359072477184
1546627736
98980371
793807921096364032
200955928
922874482813005825
185886698
101044228
2516048756
368067319
779124545521348608
153068983
727569385888591872
3286338832
1867958138
176132372
131756203
911653387351060481
701477036863442950
305812919
75823066
3314045596
54209603
610297651
142779158
68425884
3902836323
904828108980801536
4596644536
4137075569
20681907
4450686075
94561134
152876027
1951857194
3689795193
1401268022
4886787783
927613194297856000
4693575194
3042011854
24738047
42114272
3299440983
1104501918
120589531
757575172656336897
868048543659024385
2451791036
3095993747
353265254
124584687
2301530520
733984648922042368
763170843102851072
2382452442
371976506
104361436
469872208
386836544
2523951033
925553176736096256
3627270514
16874038
4766107775
3314388382
3416929259
3629031915
775081927057473536
261991287
2434345847
2460610110
895724123187535872
3333678285
3188166737
738574108435308545
199472994
139882490
921584559380221952
353331180
571079872
2546772102
604738443
476054419
142861340
2577998293
145350986
54605110
904070382
866798040761475073
73126156
2909032401
365780957
142161576
298238522
211707946
2162675318
210177223
726955580024348672
756926886886907904
104131815
595054327
800819297161396225
112078300
52156574
793483201
917379880903495680
897889440361832448
96368619
262323125
782279355745628160
947722341701816320
2260157373
77588718
916419468884135936
219819653
1852099657
2712692609
1452970200
399399930
2662775126
2201770979
3027740612
929891189775650817
74616428
883481072700465152
4482863662
1957511221
76935208
874315913855684609
122110444
180125513
80128141
114094027
71655563
35324646
16060398
832413007233835008
894169438936866816
932663439234863104
281016717
871897372065968130
346204440
2418450902
925807068631662593
707895582099165185
846408458731765764
27272584
1431040590
261640756
2760472727
944327829822562304
490005026
851275179145576448
631671193
823119105599434753
779308704785174529
873342689412075520
911513143372861440
397608745
825687928999383040
818152400007602176
946548413386158080
578363658
759729940652658688
617374169
2284378856
804043131851337728
162370604
877590238654332928
307041413
2920467863
873235418795433985
2361291650
806309068625313793
31106435
427702859
74780902
805835982
1226258876
721821103941894149
191857283
238195540
231262938
4166719823
829010345888980993
85098670
34136733
248274855
776085506702598144
246528422
796493899
2736280625
113396012
138801867
2899285510
883501623703736320
899104896338845700
808097990682484736
465161591
493936318
142775595
73540679
722903213310156800
170694477
3402842483
2511407244
1325149987
2741931201
421924175
170062382
1334664870
325847663
849732210831884288
857459535266684928
1611617046
932645065159258112
2389711608
810945426128044032
3352530665
736385015223816192
3700621997
84925552
59000162
274850029
901944496631504897
51325855
198862884
748929088140738564
832729637406986240
23425127
761700759478075392
92119857
62067729
12680042
956181846504730625
783284461
2904230037
69602463
745413126640836608
358180145
325229964
267845590
473492283
2694558488
887380957191426049
927560649839964161
954585067292160000
824403846055231489
2849968732
2949068883
67506250
850382974411526145
2172458810
2183723955
231852861
848907233555611648
21363569
3524331917
61641968
309921987
121916941
75600293
4184140942
59968029
855937747604910080
769504089864568832
48066962
809522787073359876
884859274442178564
357021518
493367418
93867178
2315653327
461609629
1671038876
2865225633
2869938527
2148759083
47008280
4183951697
148150641
2739822300
1395584570
419720586
1416743162
2277942524
2147876610
826863124200431616
725409499121594368
1310912587
3353390615
781887757698424832
865935756145065985
101943102
794013425034792960
104195397
70194732
3353088412
866704621863088129
69995452
2959419107
596851187
1710021
747100690355478528
3335216183
50708900
850956948
1392189361
38232517
772895118735138816
136360864
777986186367369216
4019247215
2960818636
171656880
2746840378
362831219
1081321897
1579471453
2975332215
790216776877481985
2327858726
2950945413
350177130
772598377775263744
1212099013
3364727003
301017107
2192913049
47323932
359640692
1463120023
144828717
954163694568706048
755410852031950852
2567295645
2605703430
2408125356
15357211
338833827
767106958319116288
4806365483
746336588418924545
4085778635
435811190
855451568
2911277351
814251237579354112
754459610338172928
56171932
2842247849
4866651549
349784624
42927082
180958997
2729992692
92024087
381210193
2741050739
799113773718077440
281022593
124890261
72894954
245435381
797010613
2364585899
2861005863
71711349
168288169
71623953
344456602
2571315692
952166595933196288
2911527106
955987218211983360
2212587631
878798495838294017
160049756
909234615096938496
331017066
1104634872
26307561
2460276247
1122991046
2810897381
414813596
75376996
1526054612
869765699413172224
187883232
766608889466986496
710681224587681793
768886730686619648
153211814
146059180
751151052347564032
2887532043
57811953
4809897915
187360620
843601022065004544
2315662657
77292715
388900474
187561446
52980758
232701612
219831968
2467841128
290770159
917192881
299769897
1198150542
295945033
1626806365
4867100343
907938301713240064
116913302
883486510233907201
2768275473
789892486663704577
848382042194796544
375129341
41115750
939152182611456000
121214762
705917115262492672
1291820875
33563681
2816670455
4013701305
2915636074
3203286887
419078814
1852997167
4725811283
3983928853
442260517
110454744
3413604839
39418071
420576246
721352348178780164
4330289121
2699224042
15061307
743858261078708225
305045561
39309213
28190153
235427010
2750788314
893816916791484416
4572027635
2565965203
362768213
2925514058
838470011022901252
205367304
80874491
127738165
831289543672360960
235590611
405801615
2322956732
161869866
706146349641830400
15305043
68861002
796988627033137152
33571937
4911589851
133413241
787972119493746688
871547998836330496
948653703413862400
924770847511973888
901832768597975040
53194436
239670978
954871424686190592
2290460365
178521271
120268659
915641146034057216
81186098
951301452
1021291464
726292765
66029698
118248703
435126845
422217921
37404996
50404177
273246542
3904403596
293590009
438051819
185364125
743509658493722625
2366026047
229140689
814292613188685825
3037052878
381286275
946129242856873984
402330824
3090778298
532560080
954729126
393343835
557626454
919520150851813376
2815463424
472503966
934529216657461248
952932233563836420
1467721214
90044119
28553274
191651807
805536334102327297
3309710103
2429777770
3529202296
891575879666683904
4744832267
2949051856
47986171
772743793196077057
924051705083330560
3292051828
920964122510086144
87789529
2523115808
4859045997
291812471
989053890
67134573
956119299852259329
3313865923
2477584448
873305677971816449
786645901762789376
1066809984
2342640846
922118377585496064
33491581
199726236
35769730
36651333
830490742476910592
196651173
2453812292
69291540
813528854484623360
99027063
178541429
3402619629
2983063581
67374695
94990422
2153727324
3014943190
3001497620
3078197890
237896750
632300901
909630826354282496
154405407
914516114973085697
927258664452349953
2288297244
246106381
948602073674928129
28662843
1177102008
208633499
16838179
713063601171472384
79210910
3305618092
963490722
3036816728
2843858249
245909273
74247205
1185912751
3209521726
361634387
620277954
582938882
4120381769
826556457810268161
49157045
954567264942125057
94644746
882311846
4035241725
162800553
39356847
2361135805
4538640377
749672509071626240
2302125529
839873054473867265
3330421047
1394715458
2419365474
3226496056
2581448021
862239456
4831290820
937723969981083652
828953147427143681
826395887907827714
3237537574
61780767
74610911
1058967739
603088308
803762370048827395
1661303318
22013738
735989530218663937
60355886
2558019780
145871238
256037712
897910463375319040
65784888
2426996181
1398051631
204137991
517485914
737791843795099648
251840354
205721803
1107751447
763853812645888000
1564004666
930256973043511296
39968615
720797940005134336
3368599486
881409048998014976
32511442
634868834
842865542553894913
206899109
179089069
873229361259872257
3131877717
170871679
52617312
947310557455151105
863415055165083648
721733406023880704
624072683
3398039926
340704574
174408858
239907071
2722294315
152014042
432984757
56138718
357832231
160604728
378597537
2425356544
1932753186
779297327571935232
181294439
1872387283
897584042681487360
3391266203
731653316229382144
1268433235
611040694
260299440
1267702471
1526212944
2691155202
131229296
917511089667133441
1195200188
855381030634762240
1005390422
585776572
2546301962
1446630037
37068520
845393047429042180
144407784
116251224
890398145229836289
946511839655026688
2198316759
4856959415
315924941
925425607692963841
77081151
2758661662
191504980
60977769
626757598
84579114
35874136
794116826791821312
1876127371
2535739595
401180400
17523132
159624148
4815589438
104543463
815004622519672832
945068359489609728
927322379436609536
2566293185
916011457506086912
3458043803
2553474978
347883923
2210015680
67753940
237241346
904407652448563201
2875441718
287350940
915933295497629696
55418550
51797894
747276143443607552
34350443
710489446454525952
116619845
966351738
809796666190659584
741651540239392768
1367385120
3529212136
905855633056034822
818965247759368193
261937064
213001994
1594538934
146650758
46994660
46464531
44642369
210472524
328296109
935615471256309761
3341368401
398882995
95514821
1017535224
228201502
80300112
1349346625
171297643
746777318975225856
2153828918
296529635
911693308308705280
2389851791
398447325
2981447386
2464797363
370389047
955923908418514955
129986881
2996779787
989783102
321646258
41866363
355216744
89311291
726118930859851778
193186660
912132396
38687577
372916807
3624625995
852593034399293444
76167907
2582851860
16872336
1536414565
71387698
917905830330163202
4399819102
48763829
1654066466
148015961
3621963496
2439143048
353356046
41473254
2253860402
799657939925696512
55369936
950264587
858131715755307009
69496109
4559273116
157374767
2830538282
2484563489
954513565
120214418
3691235356
867377870020239360
171955693
2282624356
832439993784217600
876068685311594498
1918729770
883013744942514176
61762794
69152836
717474910499639296
820002714633601025
2772526953
360074434
4715044469
2382662035
151458675
292589161
783906881194561536
2207290716
44376159
49088725
2892394917
302837517
155674026
2938985734
916400674904014849
61895530
285702623
2776779774
888811844219097089
363424822
56711783
4690230878
3082438498
316012115
1281689306
39088398
914665932735344641
297590392
3742310668
68550286
412594854
2997929234
56635910
806665091085172736
2906781287
41653120
1488745447
2409555378
103701360
4019216549
146878533
98369664
970130329
40532100
67411600
2750999583
897975808643538945
770042297757073408
38174907
54539104
489912438
955194063040413697
834548672
2973284991
453045254
3097953886
2409378081
785876625128775680
764664919
233051569
16227278
2847583571
15906640
1681292484
3981703534
294890654
157836806
854079145340538880
4852140087
736330648516976644
343347802
802339030130184192
825816416012075009
3157373975
713003153906659328
1370980520
2236181240
1356789896
2867228371
39443567
17752026
754310988598509568
871897534217715720
383489675
106246390
4864337512
92809968
955710593515868160
751172483915612160
842051280889614336
260758598
2741238362
818243370724327424
194231522
861779847672188928
245195894
927645849148182534
245909345
2680998160
2719268011
3155960361
3505806195
769308465135321092
756232665695592448
72694672
2980766471
230011807
2479395183
216180778
2181258223
740528620410699776
3237527045
253713018
171373364
953685899908468736
905818984431443968
52103454
3035466039
935193436843626496
3698240057
298099457
108781133
1564585927
1437208488
2395442294
496651593
1608969906
917616018666684417
3386541736
126449947
91443022
819975245893353473
825958952
4046397623
908378137091854336
295969845
2859214817
2218284360
922201660344229889
74137088
710538909290201088
268349610
936181886665314305
2482682393
1736896250
411052024
3340257369
712420223954059264
425770200
26230908
55066005
2968564683
37210609
366872821
80976032
897909883772829698
324565241
1406382151
178233855
2610385830
985038577
70768082
3434907933
789845232
281451881
3189064036
811765004663980032
143606791
804350282180231168
230037802
939194965942525958
778566621812121600
2462725642
453673161
327389987
899141580313047040
85878737
774614003834359808
785897967962251264
14092664
3045124835
932680081683730433
3373153996
731285299251302400
79773761
46881744
484419066
949060362460188673
383385609
753065387504304128
2386176751
939109725647622144
3128026087
4637031928
83418707
1909652486
2824350778
47779921
51120526
953030254943236098
195311282
860185039694331904
47716910
3112504001
463346583
877417902504267776
2389586608
42262027
2647845187
122449640
886243653630480386
3431752145
933924041760665601
39324634
953712787750088704
239534258
413214772
736791252906172416
3743811387
51284162
3439332071
830457014279106562
872181432
4828767993
82745385
49606484
180210237
917393195423752193
52822790
921458314587922438
794935284
801452169182539776
2743280363
126057307
951802110022225920
170320897
58777478
891390590172246016
2871498080
3416260397
2780766058
50330222
126330759
115540408
111422591
51610598
434600334
3003325828
147745858
401026755
892797194323013632
314907095
797955450813710336
187951820
864242722080796672
411461354
2980155713
50387310
937154070258831361
262841156
906664746312765440
2833074514
885246237657755650
68859988
711586311589728256
174811298
52754696
119066497
2831006182
247863421
862859106062827521
867494036575268864
836324932724338689
60776423
758285530702417920
173321244
295437501
375038870
96011089
41884418
2727480426
725723860864262144
948052062163689472
3409231253
228873265
22216860
14928760
179266712
109140771
770738084417773568
955914023094177793
3082121914
767187466793127936
806280155891200000
15736286
1223377190
1570543045
3227323277
2316361412
339298545
52052587
933939259068862464
384196946
811307935
64587629
91119538
3378106463
54795002
850060550201647104
3376109482
332535736
72256690
894581952791138306
898716546092105728
196773129
3388035453
428484459
103426442
