1726873297
936951022118895617
396340525
899999419558440961
705812872
3990138682
1587209246
834032272663859200
268859460
249668286
976302648
840922216204234752
497150491
725523958146174977
933768246867693568
319349275
38572792
937779533503172609
1965473114
2778152189
888517236901761024
1305446390
286010362
2379373301
3342772480
705917115262492672
33690277
42329974
863892266234073088
86528119
204102599
35208660
366197755
167458193
346802684
16723444
106799868
2571656740
82388714
2949643293
51593390
133413241
3246491110
947191216655011841
1176099913
3343048757
737085823473061888
248429976
2607515566
55207359
144527467
113208604
484068683
1057591639
610319001
2968387251
422816379
57304102
3365306489
310643679
333730389
74605081
294886946
933496194441121798
545130205
4767867256
2806416231
949384611192242176
25439090
308206903
513178450
260003092
195458943
46809720
56865001
263420231
2557402077
14194815
2256970182
67359764
4185925942
865750651787247616
197682694
3347301916
198359444
889533286615220224
827560913700057088
177000971
818240733102669824
848583047368908801
253713018
722496512958312448
385720311
2784476903
277036633
3924328103
392338991
791302656987922432
2249012053
789845232
1334253602
3494241796
2215983663
4835699313
3154991692
1129202858
79829118
2890301027
223337362
4019216549
1154997330
306447403
872649049
301685477
1235094152
951842905928404992
3145415189
32004851
164934890
1325038482
165871795
1959677917
55393972
2800321885
39215326
20372050
191701824
722745253
173892366
242998684
876213487353180160
703622739589009408
1080974582
158845452
139126353
492189667
29395691
764614015091957760
247082835
2920520477
188041272
4539799354
242151146
2347838744
104030935
917225371451478016
42049796
718225842359414791
3109426259
3352329064
217126898
305177589
904771102269952000
3428907683
1219794020
437479383
2535920501
210042340
832601458122117121
18080679
55771196
2943093201
4766151030
401026755
282532497
3432959230
400435944
343044834
3035466039
138144775
4835211933
850060550201647104
923377372367376384
855130897531752449
153559486
2755311496
188568160
457710243
712373441417121796
843143801321521152
809543208413827073
872108603469160448
919866201874067457
68721280
350384454
1571701525
156846206
771306311204032512
1932747842
1132397352
1205903066
92852468
81577736
1626475891
53716625
42344101
777231418145538048
865598293
868214899855458309
712732013703380992
2884731001
387715768
3111281495
60445188
260957114
2950312205
945771871668142080
882611741812809733
56816604
171580002
145416668
4255180787
792048915562594304
953298202639392768
339976711
2886259497
281774361
416578777
909041169744658432
2211054770
3248766491
2541234637
739485027940044800
502005755
932647303453773824
1224355981
917449901319049216
2857371429
49797791
1405359979
270630109
180565089
4883979963
159100967
605758395
497307837
36071849
932097641923710976
887876828756664321
2865225633
878830381474226176
51761051
586857535
164538791
98619590
197938170
3403235237
820290887326396416
2554645534
2319454057
176885259
2358425535
944690788247666688
158563550
2361803624
885892197807263745
905798017386766336
812310403157999616
55566643
203026050
83232225
803708102440796160
4816590863
914871771819577344
755120608158023680
2263275950
35850228
242408031
114637259
126128572
723334189085503488
85343450
58932478
1139852900
2660073002
633390582
2651993823
58940841
879775908009213953
2954041171
943750830
757000198497439744
2480836789
726971903315832836
2983082841
142775595
43476953
954820434050117633
64357195
3424227123
131927635
707332589619716097
2548192944
130169445
2598482755
219739064
63326120
297164677
2949163883
3789661037
2834270781
187968772
894254083762249729
805835982
922910496738758657
794689362
785884263375855620
85860783
72694672
36481662
51732064
1130192869
4638884477
899709699322519552
60977769
755569725741096960
4484845457
949081357912813568
316120545
174430760
721617835349381120
3386541736
274623485
52088416
2981447386
282637983
879294605694566400
2546772102
74253633
747100690355478528
68555418
721498336637886465
2875724355
2284378856
207144609
722250080024178690
459640992
2963396793
433265376
155674026
342517222
839988615606370304
54171086
3426930563
2560314848
816110689693691905
955914023094177793
2775682930
23982468
801779605816406017
190830421
4455334396
3069933898
2940942388
1912217767
3014801889
705874458876186625
3983928853
3390502888
313941503
522258888
1280955486
2250669895
27796199
68768239
819951451
2942791912
1102569859
4561784788
3188697645
791660694991233024
48404506
771035442141597696
943647296717316096
47011988
34629513
1647851604
619254805
127659901
931294441717026816
386836544
225841805
73678482
617441775
2258125597
407185116
3048924172
2749881762
2432514235
869982214074839041
718653468
259439456
80094234
1537301742
3218013021
2428035731
22099605
14974929
360356539
45643588
83219966
53578371
232695523
3396361991
609497486
802149917317861377
2322956732
134244204
1354327520
4106314216
889871123013406720
2741931201
44098103
54190869
161548478
101329385
158964977
259303285
1643750532
845037221052895233
377370357
228577853
56258721
743919035524464641
2563551195
133408549
51797894
1931861250
1185912751
2216107130
54209603
772871738774396928
735148895848812544
127650354
2648696391
1873654801
901215929845125120
793545598813212672
923905837642510338
891390590172246016
563094648
1424064361
2588843474
176859552
3118917334
140502540
904466691819794432
45339455
741841459817684992
1960435824
21712293
95715624
4105454793
852352465525776384
76004087
830420598329339904
3629031915
1626114314
956249198227226635
807459248603090944
2684665667
462175132
221731352
763445773342236672
774320841454682113
399565098
751889081135689728
16283876
871049422964219906
307636961
114092053
2571829555
48762891
2787526407
1110208027
816713657996476418
862475554431356928
940765647281238018
859808305140690945
235238203
4659726017
1602026078
97724596
238770004
859575832943185921
324193939
17032762
1642892971
57672386
71115912
714149188481728512
37414040
928343498
859828383143874560
3185036313
822639635717390337
990053851
891149504380112896
1689783702
506327706
954017994077818881
41433819
1172726576
955586323452219393
21663897
842168767
1972049712
570396003
2884589260
2999582918
161301713
266743222
4397495656
4857851278
69364988
339745934
2155462471
2981712975
311672375
805172540880678912
271084509
1447348788
3391248071
1334616002
134870156
342849480
101843145
67912544
376983011
51425737
3583293436
939297395577323520
422175770
2885149171
892749032887595008
496651593
89677424
2976547360
183760865
822922440930115584
4323458782
108781133
4897607475
916837324453015552
2783151023
744301929912762368
850956948
171268896
3099485283
39819524
4602948340
3187698855
874815032298754048
2782022278
956240747526787074
196280157
1834990302
770803074575335424
867006188768157699
956251641585590272
221185593
230447495
56547590
60832848
2422203463
419073227
1066365470
2438939200
315441540
955239371212550145
374239739
909190416108539904
970130329
2702507592
496916159
2861005863
122685235
39352562
2402083846
3976436963
845575454446817280
893633007965351937
51367309
1177059624
2974942933
932868174
2437579938
952923336438370304
4604966176
316779253
65478768
3039997863
850382974411526145
271605652
889961632193019906
100282660
788446625651884033
707687910565388289
185042167
35068918
3125596523
288423052
750336533459247104
1968771350
883446286015397890
248274855
49088725
2351553034
2900687548
320341108
2411483685
2964310343
261686132
932398824
741811293334732800
879190202979414017
2389960296
626194101
715993119884500992
1070542344
3406256813
210583368
24787703
585862838
169725807
956178205731360768
940359484966391808
2448077425
320916324
924344722260463616
163220293
712974187510505473
213463809
41133877
1681957052
759229998070988800
949415508482363393
47085809
2868181504
2499956234
2788277121
1703404699
3045124835
540061960
4444159881
3375071973
851115342889930752
3382216066
2568373333
793832531250581504
943648951667974144
822725780304183298
413935052
22451784
787708828322304000
1167293622
869666056704602113
3368644761
353379093
907400030839078912
765025590034456580
595054327
60007665
768981804430811136
921058039087685632
2722294315
97497720
3695276115
296528689
3425227630
401180400
65223177
48411601
879339338122899456
4266175941
56158840
3839672422
342174017
2226355575
90665832
851824481379201025
117868875
312910973
179266712
936047044728442880
842135456414330880
2941664152
953830382759235584
221563253
1523545765
981549600
112599325
918610298344534017
4163349323
71048665
2952009239
2530630596
801435888374910976
41565937
347576957
95014235
556955934
917905830330163202
196327365
193900428
535820002
2916456381
53266558
869905658002460672
39314390
221186189
66205927
2927400329
721474113945145345
936181886665314305
454061147
1849730130
213001994
901841865221267456
2809352765
2475449840
2436150372
381755393
408699953
156420488
1034924761
187760476
301613286
2463532967
714503076292460544
265587008
139496442
1242772501
814112622
49631017
277050071
2869735953
1646458718
198260492
789991861809283076
194413940
46036120
406669465
910321083978518528
804311489876283392
864593043768451073
889995387095928832
334893906
2577998293
956176508082630657
378171700
954722942537125888
741094369445416960
225269153
3006121083
265730085
53031083
3145194449
276705217
17025388
34707168
2258960864
314242630
2335429508
911653387351060481
204572081
4693536265
892866515854405632
1538869537
602253707
3366769167
2246533706
901799445632872448
956181846504730625
893554837694144514
707241580642615297
917928084535480320
864988141
951921499958665217
2358651745
3349850399
327581966
902589541005103104
14379344
884859274442178564
263663895
66146040
4850420290
880175225383645184
298885156
2949051856
67506848
60393346
948012802895237120
3083368193
898983849602015235
883481072700465152
33435237
100562616
3833351835
3312997679
3124429287
3719512157
280252671
920964122510086144
3294648683
911357384
887323718292254721
4779127833
243094080
4883709837
2766758711
3253026287
74476740
171483132
259924656
46006531
299260132
766670055455285255
20999807
238169850
3341921367
829505478124240896
2817466342
947278180599128064
877172846610571264
2338486102
2891411351
180592971
210831263
227648206
897546934759682048
778982292433797121
2856542266
28994137
586745273
44890442
753988846455513088
355116456
719520041331515393
515616640
839729004
50861915
66020850
481058704
70478536
1902829435
126845298
913906254699012096
775519988186742784
735778681
859183143991078912
4344192633
1434214818
567287640
4827749036
62861409
27960788
153227900
99989513
3237446175
3171173343
900758066588770304
36879200
93080678
1931943374
107682490
1364857730
732631088
89311291
236615866
2653587007
400282953
885192169954430976
4925848539
747848018
2608748951
1895575304
806258917672157186
61032604
151704804
2550355971
40119256
97551306
2717102427
17236932
4120381769
257233588
2613452944
533560843
4687374032
743555017
788484614524370944
46466899
390076980
746032594991587328
949050626373246978
366264132
854295212742594560
751151052347564032
173851898
162544364
1359647718
46733994
1375239859
229955037
557626454
710470091951972352
4689790394
35246525
823984147765063680
885954626465476608
774235273576275968
33561700
71240710
1918729770
924051705083330560
955607082182553605
299862125
919711902791499778
536514502
234948461
2982148157
44258331
904640726704812032
2904230037
771890279989317632
598096606
304095621
772634900
239907071
1907647693
58346865
752605823885385728
1865779508
911513143372861440
257522434
220504707
1598948089
731802073214427136
80471847
310387506
59791079
815580856207151104
346510124
161277996
3041710965
893816916791484416
859724608219557888
4690217112
317349015
1688972209
177148891
775799850814234625
917569655006474246
3236293361
4415326757
3057269241
107161211
414314383
804869242717925376
391714169
728044548329484288
461609629
82494236
31820214
232840835
69496109
2812454758
93867178
371213804
949738692981207040
246765137
937473989223559169
2213124867
568493017
3672418935
3435763835
185751201
859907841708183552
50387310
792352814081204225
2688862371
845005019510423552
3894499407
79244340
61114708
4048728947
521224612
743904988125143049
3375101591
157836806
735723034347069440
3054256345
2786316953
78664032
2727480426
1283287765
3298681145
52415292
60762656
103701360
268877029
807703334387851264
357232550
239925224
868162164
467772187
2159545338
1566153900
710489446454525952
211707946
32102508
15006037
399399930
3304155495
934096401474244608
33546338
921205939436425216
419766418
3105108615
899284389921738752
817595189120397312
907341102260346880
745467130540232704
171328480
2993709256
762489892081324034
3001640983
122266001
63942368
916419468884135936
862823939118174209
41728708
80740743
189248501
2397440609
80117022
245909273
620277954
2848811770
588831899
180385151
858433235893833728
3529202296
3439332071
3680683636
174705785
150889078
278031220
1654227680
904224563906662400
822666943
2803292745
304918906
59963952
243674792
53375773
330941876
917362182601535489
64472799
285147536
933047727486840832
796186685163839488
48575060
864280552073039873
315318349
3026615722
732213883407073280
908096411694223360
97602940
35340150
938868644410548225
94557318
2607873697
3309710103
436249923
3440054212
154178399
1210357646
926921068484399104
796937977
3824585836
942870373221175296
74419629
428201565
2589633451
234390465
600083336
2590157269
124788162
51559293
414910234
756673200096944128
2719290931
229053012
1967191002
2869412925
81710359
2843532785
204505912
225903262
855253111665045504
830089925760520192
811022867899043840
2999530600
1164406627
228220517
699221620586651649
2931412642
938941797904109569
3135511955
926068285828943877
1361589782
909277266756161536
910933369432788992
817195283847254018
54363807
2996234817
233734126
777204453032288256
4064402056
1078176415
793027260802531328
157465269
3460498277
96368619
326345787
386715950
248907378
4115584917
3689795193
831192469693984772
955981040815935488
318027087
432935990
827208114428575745
4902404559
360106720
38469702
707700845706616832
119593274
371846898
849277654696177664
2457424330
3794905773
855451568
826863124200431616
833328548790296576
159577202
841349493710823424
755421058577104900
1601836363
837326365347176448
2581448021
57813371
903021449266565124
1526024870
50670470
787470570376003584
916161715489988609
730215049353150464
851177636
37582801
711045598481391616
285941178
3244832188
64326537
392981707
2712692609
128989814
31802431
51755087
767187466793127936
2294167119
80300112
1002716880
22955888
3926730203
1453443062
815948025260572672
52820976
92182111
787809535067033600
749728074330243074
273480441
978347419
1633344673
3004107813
23812986
295790645
825898474537361409
920622721171705857
104361436
480933265
76743214
945456993652920320
3085950952
944327829822562304
955629732229500929
956231163579858951
750133850127433728
1223377190
114962636
1716341683
2261530362
766124475289042944
252546904
3556949243
39729502
903370010176958465
797166584
315897590
1446630037
289474477
949060362460188673
2749511311
707872572
173320139
1570948704
938036844440227840
2997937577
769220939888353280
247303409
165657297
68067894
455161353
944552196682678272
2440740549
1364774108
709563415
782465664
720808012227723264
41230380
4846023659
2205492955
1536414565
2336967834
896084491252506624
266131048
2344364215
882561008094638081
33733478
67179474
91571235
954642707850330112
742351523313799168
33507966
2966076375
4660099828
378099397
1660039430
147745858
4923609599
1392189361
152067374
150899875
746539986913222657
4897879601
45608290
370121222
234386316
312821326
111637408
99766111
722940842416013312
2201911625
571100592
3356000507
773860327373037569
4062418893
2654381357
64211210
144407784
51496277
739439864
61780767
245435381
4256750416
108036617
1857932012
726118930859851778
255279079
927676896510390273
569225068
2161104599
828398052318781444
58213699
717136168345866241
1291820875
28662843
873585710208618496
2233519578
147099424
2462725642
2587083980
3011092619
2558019780
521528694
913878893102280707
768498429236477956
1077815016
105132779
129951373
3700621997
4725811283
1563731072
88079466
1025417204
868553956678619137
769315986969337856
2376380370
738378717081309184
3037764267
710465022917517312
203361939
744957365804470272
26663913
52387489
198353346
124839328
1083382944
898656320412430337
49157045
297731188
244504731
3382327355
1397688913
26478556
306481876
2875035997
706898845914046464
2250436383
154331323
906944867191934976
76722173
921769521161162752
888216271480901632
327720880
932609279596605440
918811062841028608
58912895
858741367136288768
2886626691
59499526
49112650
726817503960293384
43937496
325847663
132687718
952167242933907456
68789728
53775627
800819297161396225
79883450
55291962
924646643437326337
1241866591
893096891944140800
60357565
753065387504304128
42240743
178233855
2613782228
930456880526385152
956213734636249089
1087259768
1470649747
223695662
744989069604716544
741068572466810880
1602316682
586174861
735877670135828482
165628647
926988133115318272
801786926697156608
182461601
945690506406907905
2721615152
585855020
909728239651835909
714552942574088193
237706425
4794300023
52144831
798253159831506945
916377531661672450
62067729
156658026
828005659182501888
861591806378745856
488139029
4483378769
899760914253131777
1669435974
359203209
347874428
188182080
782328763
1535391866
73245406
2895278032
884416419324145665
568272583
69836265
897730329003397121
234509625
3382418397
2583917882
55986398
782746117863772160
209761441
917751362280218624
1031304108
262323125
3742310668
866387823817105409
1228638212
169191685
339869776
838470011022901252
3398703483
56418373
270623631
790904191044685824
918082015668457472
2713276643
2409555378
295437501
71807790
59190425
52245929
52539213
345485544
163644386
827629266
58064534
2295168060
3398039926
73264992
165106553
904090365879349248
473492283
702907002482270208
1651124424
450854675
2569568695
170882632
1043906096
118052263
54373502
4373899714
3004536045
733500788
69152836
417943631
720039424076161024
86074277
1050316542
1241932476
1377408002
341204727
280272541
2843003962
64004032
764664919
2421495771
343024042
1086797335
313653997
780231999109955584
131211142
617695168
33558738
1392120913
54581046
364344660
57059339
2910225827
4750483413
3734039116
550234883
907325678936313856
608190308
71309220
35401122
65686440
53671842
2741408674
4899129137
331017066
202435887
408159198
271430133
221632758
2435376143
4440824027
82197339
816777497614450688
3433712008
271746935
1223226776
233939364
470636324
711924649760845827
39376597
532019007
216258094
43332835
482331563
933089131202146307
233192094
4851169750
74966011
710681224587681793
64216378
4430878937
242774078
1119940147
3303377188
271020938
865388541127397378
210813885
244111756
3303286324
37732451
301055060
299828441
727468905405489152
3361466585
125220494
174239236
221405058
848593495497613312
624947388
175058513
117956629
3367990552
375823803
166311804
819732098198151168
586054019
129500171
368067319
