956228568673148928 X
956310652259364864 X
956213622195224576 X
956180087715631106 X
956227877548298241 N
956310011919175680 N
956189228681048064 N
956227263716085760 N
956309954822049796 N
956289959354396673 X
956306641133162496 X
956296194241769473 N
956248249836490752 N
955973057218310147 N
956281700786561025 X
956306164299583490 X
956304101301719045 N
956303966442319882 N
956121298291380224 N
955960000773533697 N
956021042249699329 X
956221224430030848 N
956288447685234689 N
956295279577305090 X
955972976633147397 N
956268798654500864 NEUTRO
956271376272379905 X
956300688480440320 X
956299850517307394 X
956290351282708481 X
956300102385242112 X
955963300113764352 N
955992245827784704 N
956295412855595008 X
955964230355873793 N
956167210422108160 X
956242772540960768 X
956275411863916545 N
956133210878103553 N
956291512026923009 X
956234690129776641 N
956280498405421056 X
956286454757552128 X
956127820199219200 N
956275113187512320 N
956274142340403200 N
955986309809672192 N
956194323955109888 N
956275045436936193 N
956234363192168448 N
956278032930615297 X
956255566627827713 N
956159687753379842 N
956219503930740738 X
956261502956331008 X
956187775338008577 N
956252596385341440 N
956265676578140167 X
955978114244411398 N
956277084137156610 X
956275545557422080 N
956208322272735232 X
956260566947057667 N
956274604317822977 N
956265732777668608 X
956265321580630016 X
956200990021218305 N
956248639973847040 X
956135373050142723 NEUTRO
956247701049487360
956268576691965952
956133202543988736
956268576691965952
956263143403151360
956014163947646976
956178205731360768
955975127019245568
956266951428407296
956260380103364608
955968890185637889
956122208585297920
956262048148672513
956252875163914241
956264296652181505
956249198227226635
956214079366017025
955970996816764931
955970455223046144
956213734636249089
956240747526787074
956100914066219008
956237346600603649
956251641585590272
956181846504730625
956202385201926145
956245192964759560
956245563263070209
955961927649366017
956175111484334086
956168784833728514
956257187185258502
956194881764052993
956177614724530176
956237318473617410
956249729561776134
956239354283876355
956176508082630657
956167151278264320
956254285385355266
956153600312598529
956136003928027136
955977691299270656
956162898279182338
956207549379940352
956152785564815360
956187169760186370
955971951410937856
956254281367244800
956203687159967744
956203965842157569
956236899185815552
956247140493389825
955987218211983360
956251386336997378
956228591636840448
955958576949940224
956022352084721665
956227903750115328
956248275170070534
956143966340239360
956198566028107776
955963159470313472
956250266344574976
956214967920922626
956248975128002560
956194776751239169
956246191863365632
956242201511645185
956247176761499648
955986746046590976
956224544280281088
956242546459635717
956245302612250624
956241240294592512
956231997768261633
956206680932536320
956216482286927873
956036647426183168
956212868122316800
956202320429240324
956241799751913474
955956035919011840
956175239926329344
956228065964765185
955971095957565440
956074192142786561
955981040815935488
956160721611616256
956150428575633408
956236524806340608
956235544463380480
956235326338551813
956231163579858951
956202759740690435
956116269337645057
956216100286554112
956230940505894914
956200710386876416
956138780074958848
956233468370980865
956215384700542976
956031401849212928
956164271469187072
956195882512330753
956207728216682496
956231300817608706
956229939686146048
956230531661910016
956179041916276737
956210841468235783
956122381268987904
956222015404498944
956147293606080512
955974589179420673
956179496138354688
956044749340905474
956220214483607553
956214133795454977
956216208038285313
956221720989446146
956223985305423874
956204502629089290
956221714169585664
956216460908662787
956221931061211136
956137703418023936
956221992075759616
955983794523267072
956211085522231297
956208391575228416
956155335793930240
956206450212265984
955973906430652418
956215798963621888
956202324178894849
956124787692228608
956209986614513664
956183908835569664
956206400727928832
956158929863630849
956196691299926017
956207507348840448
956184270602670080
956208248931176448
955988702014124032
956118659969273856
956206411591110656
956203445391937536
956191703483994112
955978513282191360
955968218253930497
956137502812901376
956189357173592065
956198182396063744
956171620619468800
956195821388750848
956194303319199744
956189056404213760
956194553186390017
955955444148826112
956188792192425986
956161762579177472
956167802821468160
956172491315204097
956189141003325442
956126449798402049
956119299852259329
956173301419671553
956148881171144709
956142822666784768
956176488046481409
956184579706146816
956184678628839426
956150325190291456
956147086046711808
956179335744049153
956175880438632449
956174658088259584
956159194427740160
