776029108295835648
272415116
298003552
2364010671
229637559
840203815546736644
188051036
1288897225
909074966
747446992289300480
287942441
354484844
3093748030
71818411
3436057637
911610626002374656
414302636
848308805419008000
3323192261
1697885876
806225402138128384
4743608237
885856751903494147
818135366221840384
907784724550225921
830865499999318017
3120070583
2924777702
2826290247
966646106
2917018670
837384439000870913
2858973110
370918242
388554032
917817518819086337
337835451
2520808622
899745329372909568
318611681
607376683
3868129757
584022558
910213535820591105
803191179378626560
2946853613
859892492560453632
2345201766
1592146554
589297119
1976997229
3418793555
733423689241235456
3392335222
826990940657156098
858088599581061120
3312522629
2266808516
2206833034
564747999
113515292
17306744
2297475647
278286861
281680511
529056387
3035584828
501829622
379874793
3409350569
344435672
3378769901
195555745
3237170993
150651107
229963789
2510967216
322236462
400232309
942280400
3343144779
1631107656
719723099311181824
929427376257331200
893526574879973378
4367648295
795095328638832641
2895336705
738735140
723985420766294016
3384965187
325149293
763723314854555649
437926076
2546383964
884990350754021377
4578507075
2789445591
344209347
2228823757
1045172335
176548870
415798590
807017240
1594152955
609996634
320330553
2874623691
76181782
169892769
4451476102
925440149583998977
621776150
59286870
2748493553
572873355
900003334341492738
1586799697
2779224981
2294330748
301399624
175222015
2940942365
2746877617
3022007614
546978420
1546239866
4019236276
218105403
3382714085
55971182
2762567067
3819187851
1595774275
731277233986387968
1449719720
66387295
708620801
1625802036
816819346131587072
739429291520360448
571218660
593895743
350003505
2872930097
2994779237
134210671
24574081
314676464
737481335955132416
4407501833
1510459514
236217869
2216834777
3439303737
899805928769323008
3666174809
906383750
835532218978168834
27733043
3434915716
1352978888
2888165163
795370464424198144
2785301751
832595397986119681
744358783086911488
61304450
1114754246
99977926
51317261
210963550
48674761
2327068811
437492038
3657947955
1591459314
94786981
317184497
3128232761
4857846117
581310367
308200089
1045728644
725076314714177537
4633414577
137400859
819976808066154496
1128553812
4649728036
106464044
731112568299896832
1511995044
290726086
776422612599701504
3439330029
3296261943
725166534541344769
807395060
3733342546
1586674652
260837338
2632598902
4374914661
722194626984194048
3222709354
835828297
3309430721
1621027351
2859294638
719609374231175168
845624096801083392
2534367502
399421231
2273314998
758469925551898624
4277474207
14804251
1496301018
886770319037431808
160297002
2574254843
3010807739
64287265
416326758
174329336
132630226
1117361024
42627210
370445390
3394513515
877261903063650305
85352080
235602163
348456247
738068154992230400
611976691
778209509172994048
1524619448
285830449
2991542251
2161106487
68002706
215098105
233986710
358490436
949721946
30967385
209649810
181743056
771393259822313472
2214830907
2985010251
43142724
2817336451
768260432528375809
3086949896
3423008961
3434465229
2452298842
745711149665091584
336890189
927278228317900800
2676687953
1462663920
1134612072
248395316
1706352686
786247370174504960
289354164
2744166473
220219749
746468604007297024
29355730
710687204260110337
880035397950111745
823943032206725120
918443708391018497
635016187
272785894
930124847123980288
2746693703
249735370
3419038367
3665441188
2259573937
3015377543
149733527
1410378984
807333158622466048
4422031816
2386638340
318619401
704030485396242432
252187116
797063766
2548793888
476847830
4130847808
165498967
273749033
460244250
2731992449
454846025
123715869
265509334
166291019
1906137685
4684510033
380995482
244921031
94376100
4848284704
315832647
1705798760
2259387595
830006876653944832
354612003
228752047
96275086
776122693691199488
386054374
1313847956
823338514561515520
4153718079
968978137
266320827
2948085131
1941916771
202811832
880224851377704962
545144410
2858843549
99240071
2319714948
2745836859
761304312295424004
1631486748
758371427687038976
535568835
514560896
820415352
3097814391
290104733
739525824899125248
742509284232204288
82928554
400971715
2867264321
3192921023
1869924440
153567498
933759202916487168
829150859951034368
118831449
1098145758
631500877
36713358
3002651591
2480132328
702555892378701824
733312766606467072
935258636540170243
4872429399
321328752
2889450191
899030864117604353
4842459291
273214788
817193991884197890
122111781
64761668
3306900453
491468307
3919445667
3318095751
726709920641486849
33732275
812862292157198336
27186012
721343328315432960
1045795627
825948618
2817957189
209142229
859591395321028609
819298656964771840
3740085855
326996561
788944597
256173658
60268211
1628855022
145007527
202678452
2597245038
987654708
1452674352
784784314617692161
4455418277
288512210
2657335105
3395712772
3093635398
3002063046
780217749238931456
808447884660240384
895704953431379968
4105512615
1972559156
910239454106980352
2983978679
1569072541
2522375337
857389656618541056
931851500170743808
142087668
3395860353
470360291
754825124512137216
792803755075002368
3129586505
525578016
867455845315080192
225502758
354179184
716985718757855233
273447773
1972578984
2976519982
1541261869
2171066219
879713993337843712
290884552
809444404222103552
135620278
512465401
63769403
793736223051382784
1460029975
4228440204
2516698951
2445858461
892013052
824224819130564608
3380588679
766756626120511490
2732833742
3337787710
2694267674
3625614855
181936779
2197444468
727332614
3845370863
2829743345
856137435838898176
3281332882
346734627
220532324
3400682615
822437576019705856
1645892406
2207329574
903355742392119296
3417815601
730393394736971776
362658466
412534767
122757872
1601329898
310630016
406386617
2806474253
383170555
2369638448
839583574965768192
1343319296
2984834405
884728684426481664
4453940151
206464136
727192519654674432
3426432533
21574230
731122490643255297
2960124141
1909814154
229312218
916760491262963712
258161739
3092867295
2147879480
3828880341
756921159250223108
2258994060
731259362380005376
356482745
769713589431177216
66858539
541661543
851152267231285248
223877190
3022610099
276617276
282601658
901238324400185344
548692041
922959364562055168
53242188
3025024695
122268005
213864603
528737602
211049540
2683215600
86992309
2945228909
2877885485
859177825722671105
225096095
2875159981
1436812441
736542103577239553
285298319
1031633372
2957153553
2633602089
4870046429
4134259762
2654776781
3297818673
785541202561081344
254603023
1624049773
1293083958
201311435
79573136
2827147407
4902226599
811915305119268864
386682424
896215020194975744
154235249
835947637945827328
1666336470
162131441
785283402
880496929
782714608477933568
754484744465838080
1102266787
796127871324614657
222815590
3368635605
455692994
417184528
762789218498318336
2603994935
58946687
754131408617168896
2599177630
1569234319
1398523368
919063641269395456
462881381
585957101
2927366925
2512859036
1387391486
2709873788
195973117
3116185126
1668122892
131618008
902722994132439040
1576127964
3221805179
2927417819
2196792518
156437665
1061321977
799003026891489280
471429875
807354715361181698
89906013
2205250614
804848688501813249
248305055
2778081647
3400243101
821377504241926145
804708366136250368
1460334139
861722848708218880
313232669
268566031
254717069
2334968274
120886116
558969664
2798312299
2427438844
2914858216
323291003
2779411216
777306436913229824
58827039
391016322
923122236667695104
883037400544550914
2365864038
1075554973
376853666
796487833393491968
900837764
1976083862
106759404
375925083
2987870597
546016737
2242510873
274060109
160328636
202823708
1355185392
4905576165
455161353
555500996
560869909
1705936020
4601852483
117509590
186272520
1677172238
887099879348207617
4869098279
809399312765648897
3343220819
810325379353346048
1027308823
264192622
2254017691
244115208
124563443
2246227010
2997999147
2700927279
269169669
2196106944
2872708288
580091729
1340274691
3904544130
3073759257
910663584
283632036
286213629
1119244124
333730467
388593419
767106958319116288
2815994214
450609865
382705813
4871092630
2159391698
755828804438921217
2421111006
2751974655
189716296
635886258
2831652303
3949779395
3379799319
2765626917
2481506609
124651303
885635616200896512
153931401
714504077380567040
2704764840
335635782
3426720689
2273206056
707334481343074304
4577399074
806129386671996928
731573061502291968
282304252
1729290289
3397519721
157486172
35108019
1616838511
3583734623
232962246
349313307
738768943209385984
921490057055342593
3806839817
802996592563408896
3338092965
190823395
3131696506
1495631868
357002316
263266807
521404583
2392554862
2286964190
3050393217
264936230
254597365
1448082452
218254292
3298452683
741801721131851776
3000220564
885964414335295488
65804416
4048043385
1275665623
2760033776
80013804
1897959704
346112957
1732360470
2349601343
284793527
2857788677
908052695931645952
546852023
780257386359554049
344357081
1877696449
783960496806428672
876499575112118273
633967654
437569531
202657106
3528027735
294363124
2868252473
931259382096191494
930081883995729920
73467920
895386186683953152
3857492902
3347026223
121597646
173627486
476281245
2597123707
4213301776
2926258912
801489836
804141816538873862
2298019678
3659251577
1011741992
1046558263
243300106
2741232076
2287023930
3611336417
2408102180
765584840586563585
613022700
3678957921
2322740002
2942852027
710218847605932032
791331179144351744
900929065468612609
932680081683730433
3352429829
385038946
361622524
2644345865
548850615
2381065250
2720081695
277822956
721960176
149728581
1184157440
751589407304679424
57987065
202223299
2960389905
559153752
1915733658
721515243290144768
624055037
420738017
4925194240
66815551
857443298847453186
401056101
4899123875
290643210
706224308029411328
867885113585131523
3437375439
741029695240732672
3308930337
715341189038403585
544543159
847863802200813569
1033067010
394848426
707194338422497280
313614068
236803186
285874116
759950894658097153
3131290745
473186874
795477669630660608
35411830
4624447882
253110868
3304968040
293033231
3404708086
2750709201
2829517379
15893876
704076293399257088
608659975
309982660
2266484658
3003363107
129583086
2347159339
253358434
3462691755
769362641303310340
779396494810030080
310997148
1441233378
731262163
893910374
50334264
376478396
959762120
2546309132
727988327094341633
302186057
173494139
2985880487
46503011
2933630523
1032010255
922987678978756609
387809677
836988767848316929
1666048350
43607484
185901412
720029128242700288
332782597
2981855302
3077474667
929167027436220416
3290343141
889635160962027520
865935756145065985
2889164879
832069722
2569901938
98467786
885688605737463809
2496060875
189878275
558213775
3408916084
479038663
81888206
2493526004
3314283915
2712917995
722970504450183169
2283892788
40879410
731235427148042245
3789661037
3385111829
745403720825876480
2289992652
933843620473524224
1697119825
837450739614171139
226809156
829936135
4204575477
230594396
3093827387
343692232
2712805807
735987104979812352
810253036895502338
2600008074
3161797425
804070389500575744
304140379
1413536646
1538013908
207098098
2548164550
707714985
899295586586943488
358359946
68008767
989947195
138553788
398247154
800325739115462656
1559070734
1558635942
781243021857853440
3494981877
774954748441231360
1289886457
149698419
792832207316549632
216223449
1109702238
713962808300466177
262334815
2551662043
187310534
2275707703
739210077089988609
3138862955
2252288623
63382450
3227115843
114031376
3481129275
3131247256
4828448332
1724108179
915252768142692352
183501699
2202043813
789103413950906369
240338004
831564806
2633336956
247321868
3321956020
2194379258
757640603320586240
839077787101196292
894866876605575168
720647489695690754
111910093
4770355533
292116822
171232429
187224547
493323889
2537591288
711293305
764460803219189761
910702342114283520
333537934
428327095
1238871828
879864057188282370
106876108
2853617441
4560223947
848692736752484352
1884257389
701896747979767808
236917565
779399670292418560
3154080431
443906021
2887163259
805458221729247232
3428042721
2883427210
2413394382
151710774
733135712
163261829
929336771254587393
766721466
2163300528
776514474
3092504325
67402486
782733106264547328
383926086
1015794290
247062234
705532928
922181815514927105
735921576063979520
891308555713818624
325238685
375278158
2660980878
788764345459236864
588501223
295745034
2964611085
3020946825
2660721901
3433513132
4028260475
217133525
501617984
3829106841
840051938
933504110137151488
1353224870
3784063233
3429116259
393590265
705153753310208000
2269795323
2724854239
2912189519
3430412277
169214083
918631621749821440
1365686496
721858919933612032
876950588814225408
817016327093227520
405005904
1592356520
774010722
2255909514
98916087
509007911
3337444811
780205606489776128
493365358
4431837269
800163852709031936
2432403919
2366491345
3523843156
1439492725
1593929023
451038460
326568152
3226613320
3039803201
236910898
2612820057
2438919542
1135015477
596406761
507757588
2475879534
3106207372
436871497
2705473511
4664880382
2858859776
328052033
2645580778
708902079453130752
303576645
1083427368
212704914
919271458236452869
1141022395
2234623489
1539626341
752975543855935488
2477517530
831659226179182592
927824992036970496
759077953372295168
144937974
926035470299123712
2869647669
1009292779
3153558413
2389960296
162894226
147225001
826090621
868611223323123713
164438688
806682733464457217
66496487
278116739
2971474143
2779487916
341171230
3292448086
753023108534112256
745661340195356673
737124388797980672
1311576512
4916871358
575761779
254348941
324203634
510848158
538537989
3064293976
728384645495148544
183450878
1947651240
526947669
797425601015644160
2661083758
104878175
3297213730
1466214240
2664208999
77542701
57719284
600151373
2293721611
851590274371518464
3051763071
2750035095
211632050
926593159030886405
3798142516
392458165
940632583
4261560743
704135354480259072
2932136512
933714580634832897
3124917518
3244388495
2284312984
512392238
480706658
1639192285
856208650578395136
3375122435
770439087065010176
2314479528
754699912537837568
751281454831669248
837467360747536384
2892097623
84382731
307656387
861359457216974848
3054218371
1365033522
831117840245727233
197124984
1184316908
3514754952
734735731088822272
932780539886669824
308701175
284304129
830891110759333891
1434312589
1460575896
2446277413
3291248576
3128469123
116522786
2904170321
2532726818
572018197
925916649831718913
54455839
246322214
399721898
223204387
858201863484735494
760298301833023493
2434171970
2857870751
874795602747564032
3070882461
238232685
813514152585072640
822927011148603396
1514977675
4129944448
1589394860
168784399
933882976370388992
906013010405146624
240346409
1109486106
93723179
179273667
818596351197986817
966936560
1080140390
3416736034
159188394
1633167372
30093231
4204943739
2284317873
2987588248
830919329231286272
184177798
3387334145
4419764549
1317318246
480516128
193702539
26959213
1316575908
93639280
1250327935
2212802695
862268984
132164499
2902033794
1678898886
1638278288
3378993387
1418349637
863777852
699226619500752896
334782431
195170745
931337229968007168
1660681537
2764757307
328707786
2850046811
572854970
825777833670750213
4826416575
881259223
783326372445945856
3242713517
777634006913413120
161297438
55889205
2313150355
4907056427
4418616748
2840640233
2595783622
2875747947
837623202
375083379
3407463820
3044971090
244531219
710182414128128001
68294087
2211021324
3134430783
876533221
1512062119
3393159797
30307727
802704236039602176
890428194993709056
886775700149194752
433644306
4705211576
2183329130
740428748
3398096739
807453372
2945006057
3224374451
2429160372
775819715990134784
3226640565
4864473809
2153727324
10507892
1962954607
376434431
487977447
764198882377134080
761332300244193280
728738724264202244
515961784
774569526
1049239639
2726319795
792676640
877839015315197952
2777179614
718602465227194368
3051366440
840023558302642176
507924500
892558372834357248
463794631
173651172
1864615322
2275204670
239764166
233733126
768915938456506369
3400893814
3421141625
323264964
794896046455476229
354915302
1548451466
190455492
235913009
126356092
935194627560402945
818968458419466242
907557310800826369
1076544973
2226353661
611308799
208659419
327378953
165218098
97706826
2547376347
4696900393
389798375
385414511
905937968782815232
1966962877
900654835850194944
366906747
782455212
3295940585
2866677028
2942215104
832816122651090944
812439821528551424
245154038
3403442249
98160233
1846624164
944473279
3880884267
3289319567
803676936031584256
3356285746
615555187
359569437
2348664792
927207352474001409
292430479
2267606509
763598360720842752
2850466251
3374230953
1609404655
227827406
74316753
785176923823607808
194667289
874736769362796546
170728879
331018117
218748524
766387238
856928887191764997
2611315938
41007277
3121762864
2201301037
772525224956944384
453412043
1645736942
399592657
2905464207
103378395
746104435068256256
565794278
803316810
2760680483
197888621
245139798
1329820219
3241995178
835343228920528896
2746783956
733343512926818304
172912384
1031629062
3222345273
275300188
2853238599
1068818581
881956299679961089
804125025888595968
120321554
185850792
929333378259804166
577581409
2724691521
333149013
706933400947527680
2737739386
2888285644
2324951021
788362150796484608
3139073655
4845140745
1449539126
1612844328
2719268518
769526390890856449
761677693234610177
890587809958031362
2783116424
3355917838
1426907575
3198483927
148528359
981255162
124248206
745804047312093184
59961866
3310650093
920420847520747521
751534677408804869
871655744986337280
770327360008753153
235755587
704088072066097152
2500846486
159288270
265351598
4116553330
756742651437776896
1887128802
914969049385308161
303214256
739447393
746052027948601344
862306083754442752
2185730202
3327227440
2167274077
933323550
81855132
807734454
84959091
318717682
849655764427952128
177732388
753762399778373640
1458221828
714116330874675200
831564328260272128
74243180
325104701
730912381455507456
2857420039
37308371
2295077371
824169434
452431399
2173889493
810587508392202240
1039806554
773570664573919232
2206956136
881475364769472513
3022112861
196665090
912048144321536006
2287076770
706052844
933961925012197377
791714396909211648
401702112
1476031530
162843366
926882712354525185
1680699756
3414062608
842201965308309504
2371126603
849590950695501824
379954792
74226321
2641987766
1348251931
909391045
2259551888
1445068038
875784636865142784
73378312
156338897
448357533
320228547
883485982804377600
2986739817
4807813241
717114718964547584
3665548228
766712244
2561742678
3434336980
3304344130
2984772777
129987471
2959476886
129851505
1891512781
1060335181
757562023664320512
3312708298
3107992645
496180224
3919292242
27512604
265718014
65496327
247908662
280140783
326305219
895067385169723393
3302049395
389597240
2387804587
1961171869
2899682045
900861394622525440
2912634934
934508290704322560
867134848468733952
2563548249
377756522
766967888888684544
252737027
1716381517
1176780588
2414805398
334437832
1979084803
1942552669
3537774375
203329080
604671719
708109920
266214889
805793388905824257
995555634
512438140
873131534672375808
720698038046605313
930067966204444673
620623465
2938361494
803340679745245184
718467184616415232
2957130941
790668416382271488
2823192436
3126303454
422080495
50709947
180354699
254614914
862854632
487814291
324696054
836777403687010304
766034388022853632
716790727238369284
874833424552513537
2800964765
2314017318
2933707539
765954098013302784
899746096385318912
919042128185053184
2964766851
1074311622
755777107
1548451670
711339297186693121
2217743794
173901844
905159511857659905
3452011282
4113429795
3006777107
4157513656
353793326
894009326834257921
1616117479
357000898
2875598462
257719270
751440588877271040
2448630750
596835403
954840853
3513674896
713170974057897985
792537595779637248
852004843627696129
59896147
754406030088568833
408075048
547002194
844280952352313344
3383872456
792489036
393107794
2951471944
349713408
332921022
2444566592
458813323
169083749
814238645402140672
446304409
828358209123581952
715750119480672256
2389283760
1717344456
386350224
783104723847176192
3982217019
332017973
2642141639
2515210031
49444111
3518423776
544720775
142380210
1187261142
502841042
254170974
893848950113005568
102214365
2335574467
294183009
3291740482
1679487194
197966407
935937938
3355802740
3461471717
126801674
1517920574
2216258137
407028046
2930847785
130285989
864604011890126848
703749812919869440
715301837012910080
3793622902
417957396
877893658095255552
360922827
4730263055
798982032621707264
876244585
2676121075
4818457961
3923384661
3397817206
919476941404680192
1372059386
391488964
927608144204836864
901167465375420416
2269598046
927925130097020930
710614249014484992
939520237
73499343
2897721231
378962607
2214825562
709998691
333090293
2439089264
1452021007
863896532097130503
4887882438
1332596240
789216135883423744
613741669
728699055522648064
577134677
178056070
406523613
298552700
288854132
2252198305
201733047
910158517797081088
4711431502
704816122491707392
1038177540
3288959709
3334538686
3296373247
25722207
2677899044
50182405
2794155178
266836475
916404983402287105
1312215668
879447267467567104
534978393
807251892149559300
2670860412
4903793649
2241356816
1317025202
2796749529
448219776
793442518377570304
1949299555
274304012
297920010
1323359118
4274022557
974899892
2769951394
732990874863407107
541080195
3024031192
126830114
479895118
1917904668
1146878504
1711270886
3152241490
769363522786656256
4825668755
396267722
932476011404517376
118416514
395440913
3330281704
374726194
2798845535
3310063691
372554579
1973618942
2697492441
568380034
711569592662040576
718844024279429120
224032980
911959667982635008
718235459713896453
779046908
876250888800804866
46226948
155691424
171510437
4883721904
179588246
128326101
456998786
4710367036
708118003112611840
105197722
3066089447
770366170289561600
3102815433
3382333107
258492244
2398126611
835570133808648193
4827984123
2863790748
316621833
2718330130
2340976999
2959183901
181754527
711693169327476736
272699714
498306535
934048915493654528
29820967
860985076972212233
124333225
1235547810
872469228
223536762
2532051921
709563876946403328
68203593
763082116821348352
729433438680428550
3069023033
386305978
2870170995
703589868941799424
1629310310
2787011419
2429480018
737190516
72988963
4843821167
3940014268
922484489028341760
3355379219
3799387396
57655777
3086430864
3108010720
933820424051404802
375394077
818853709987934208
750104378560880640
2777197643
371329037
310551661
89843363
808774207580631046
1350993079
1101057709
3045165189
1319339256
747207986058264576
390405168
1157302885
3294615951
2466133712
2556324267
758791142032994308
4475774841
3439447006
3027593242
914263968046297088
1325080808
162209848
261965357
94844746
806285917967228928
188161186
4920562575
1139993714
911722132660514816
3656296581
277230618
432488101
756275194688311296
2606224911
399626841
3298704898
3409403609
327145129
269485461
260946586
597893956
2209551902
1648509883
756102818902269952
600321261
783884441412366336
2456839674
552853182
621199275
1172613295
1685647886
2751412983
476927269
268801410
1430944412
4870498708
928484660
4867548280
754352533162844160
952220264
2541932409
2846316104
887119537648390144
235190850
3630180972
436242296
160033955
778239702944088064
860895764670763010
283556594
3130871769
1003353938
755495905
2750593012
741649749112180736
706473767183245312
235235418
909927032263503872
3352633923
285677420
780560814067503104
730447582472851456
2458666852
2330891778
1881211100
3290983611
2297906856
3388673093
2650435456
2362830481
915361927819399168
928070166
831981478795960320
406618542
455855427
782028934519132160
925865296501657600
875767397399105536
706743134424854528
4824326523
4097889099
2820644629
1575877752
4623778402
2198573102
3796164855
271692034
1943951558
330431307
487904136
507550496
3407557972
87414893
152012812
3399269781
535842311
717125409998041089
3323876021
532203429
870627773739671554
338494997
3922674675
3380694339
312756988
457744631
1648730846
243264237
3909768435
2265306849
921772762607255552
332934431
3325742345
824771080854331396
237511695
325229964
425416128
40784775
4902280691
286347337
35873022
2820916671
2817591276
145000729
1671220424
374631784
2374515642
2704287086
720696059186573312
2753833647
445204222
2781982120
196320338
718270212
860956737356083200
158874220
787712016572112901
3041594531
873867206022635520
3997658301
935724043
354491892
37650733
345128586
1118043734
340393967
3728224583
121121500
87741938
74545658
2258028457
80078603
729534547
2174820235
2747405793
143210493
2571849397
58912328
722584513646305280
393698401
1102467572
3307577698
220728294
138421809
822187103811473413
144034495
1279010750
3273431726
861382351246548993
918620805143113728
3034993606
3393010210
919688115220041728
1687069500
2871467933
864269927691300864
822113612085022721
761908897837903873
1528326871
100000718
3308758955
922658496721620997
3100512399
707954835614801921
1051294579
354617615
624307317
2904516225
738068335099809792
712731666360442884
47210137
198990958
1083224972
148858111
921112238269878273
1278805686
290846896
807966239360425984
116812616
123017975
2885135842
153472691
2904857049
2577712705
765015027879411712
2907104401
3316552708
1250160930
2926991128
568576313
4419176656
111435783
4311032417
790688525830262784
861712597141381122
2732935917
578492516
2255812639
57453491
297427630
2409868041
2335414074
2759064932
935373770
3599531903
777094123
62103719
298213319
807323588852215808
176127300
211903240
1470372560
842906552029855744
2259286697
777189038264647680
606816117
123646174
1517767268
735178284
2958792935
