2421194956
2911609431
725006219220533248
3432879567
981675277
2931938697
101537126
259359647
14372459
2872868835
2608991923
433758827
41672013
439538054
63274600
200144882
537124775
411766569
322781647
784784314617692161
632385335
2651091905
320929236
1029044250
416479269
471090694
1562310235
1378217168
3435896139
2826391355
709526952760254465
3391267341
2280081659
471235904
201852414
180051073
4195597942
3379275742
2312167478
2874393736
70688885
3497253317
310301043
114287268
143221779
626215641
69561327
747757777955733504
700773742864158720
607642205
600175968
230921787
40312302
3995558116
422868215
298207476
303327272
2845256803
622502580
3711528923
746005723
634979607
405900747
54383010
169488471
2688049167
215425777
2538053700
2166920443
790637032951443456
2276760456
1071760459
14525893
3222706784
335434302
27702071
840736722
852870758909046784
908325427739062274
125140016
439397405
586179455
39408953
597918566
249776350
936333219812823040
229236338
955495153204191232
188589124
919397904
883693294907265025
517987558
1250263284
2878822398
521421497
51514819
1941783972
1592323494
518710047
24794302
1403421871
707324589966299138
857386628515549186
2359813703
210897042
2231351000
116566000
889839170629324800
119876678
572115982
1406282016
256620711
25677654
3130421673
96225988
730915863755362304
540282529
166328091
22735093
1626972277
78978220
2811415996
255111576
211293322
3071107360
918268963028692992
359660440
1393666200
926085590768148480
2722340043
1146768235
145779595
737054059421683712
1658326021
2180835212
430008952
2543623479
1451674394
853756662448082948
2314104872
3340210733
310956631
245471874
1493392668
304616490
4852363372
2522619401
96890257
1065628034
4828270217
3021609011
616554175
4517187567
1684820232
59171195
3317618397
981500473
2877461675
3039933215
3051371418
863075447415943173
202650796
39345697
2438790608
65742865
75383294
130297288
3918312682
707715562932211716
738172450995736576
2258318731
708112680419196928
2800964765
30041799
230551500
55268024
47120988
3161947306
2480367727
3364444047
3362469177
225854923
956217624211480578
53979508
3299693429
48509717
2260155472
3377252801
47206251
129667465
2474434115
2561755261
1013384215
176618654
793205185711599616
721155925105647616
1877598379
1904520518
330698624
2985880853
817173697501024256
3354081249
777904350685437953
2242934732
485197355
757971236
2829040042
705532928
56831391
929770668320874496
859044008
942122953235468288
142060361
51589813
3248158139
383309078
39419107
4329835817
3665430202
1367429280
613059957
2853238599
541661543
251742816
116293998
271954992
385063148
790648879586893824
4843911910
279754649
363848579
59626514
74326017
955459709422751744
2980018031
292488347
3548115142
429370660
222895276
553021042
722298842469806080
755979043388919808
221563892
2493629803
39565333
2828824684
92865851
2290982277
3075730149
203710371
733481512130228226
793922503743864836
284159967
803057674770382849
3224590432
1877886738
127262706
2327081116
514233754
754068845409828865
2453735875
823591207909675008
2720248632
4851292515
1032010255
3100613501
2189967503
80156246
1142512680
1546952630
919673023644479489
809123748590850048
389787690
2824407953
772109110309453824
1187322295
324068363
348552145
51925761
621139973
2208004735
206674050
328053891
907731799752810496
266774850
902297175077650432
74198459
884921137934860288
80329173
611294653
798641611915886592
549408467
231990260
184511780
164271643
943333386659213313
710322168261910528
1013631061
16436924
3262205265
918230010
151584335
859956017647542272
925875715375091715
885728909140140033
4487653995
799512161177452544
52076129
4195171642
2794306108
738720923625328640
37107116
3185118941
86383240
903833996
63615865
40533188
2265914863
272026401
2950563581
