271075261
910984975444561921
891421315009302528
953615537107537921
233282576
1927394581
3421061763
18662530
3361409765
922168319741919233
2200050297
871869180542320641
302239066
240706169
567293673
932745523123113985
916014295766454273
717158227843137536
145329447
271385386
4899171773
4152493869
595214967
4466780435
3772580962
817921421112393728
545344346
75292424
4499580976
208406441
208577217
3290535491
888037634890768386
3313760364
101668313
1089549398
382582233
103760723
2549454855
2671239595
214363824
3128732737
4814260083
151925423
732717476073639937
4217940664
158517384
1281069709
216889490
869559327249625088
3393316054
3174330574
136673553
1142246804
611329737
199490519
109518837
938400321080094722
406196908
3354087879
4038363321
2940224644
3330215751
927268608639631365
3462238936
840292476971843584
144944627
496500008
2884879569
942750091403816961
322974571
177764668
148339735
2891423547
186578241
2503188364
715713128923795458
868234322
4160526543
800806266826129408
706642764621070337
700872790136651776
903382742498500608
2989815711
724762789743566848
4197250960
2174933335
1191704360
173161966
808377621679632384
4691081492
288019286
185905083
1670872776
122817263
937725071241687040
212323455
1277999094
482696440
86762778
828140486082838528
4229598682
4827388379
1444169196
136094988
3991293023
901270516404768768
951883174124105728
715365745710993408
935961157722099714
474813476
816669399562289152
1020693698
1556206579
4570874421
570003908
987345552
2643660209
333236636
2208777577
138929943
59787383
2251900600
237231926
2704753244
758081734126764032
403074305
563883690
916158884271796224
4830229167
235365379
892159520524382209
3024192069
2773220135
946865078896332802
769128018895921152
724773661
4824244000
382753072
792457828032217089
942620618
144750908
1660587536
1320349332
598839645
357222990
2500762786
888176891798179840
744703980719190016
195846630
1625777142
770677291882049536
155342130
2500555868
885945632342585346
4269991413
866778464044675072
4855039763
208667444
926659933
3318352529
149304504
4487578283
590133430
983427625
867223140
737953789
1747333177
775154354
239126924
1400169488
888746710670946304
2649509616
373589831
1198433016
835133248325967874
2859618155
1426707871
921129435826413569
2831936617
382253977
1364568619
1182953690
178044673
137165486
42968250
222777731
916918098
2861715868
845028124404436992
3313610230
4251145041
4357937417
1555963106
183454242
1535114328
2159459339
567857076
4143350903
299136088
955928809697574912
787530398087704577
117485900
74545065
4859900949
188589124
750838611965337600
858301179188654080
2337452678
860307322651934720
770756809334325248
415554572
2984716645
955100046445424640
1624049390
3002855571
2765706388
1469391320
4787286977
720992047
3161929384
243827202
4627550895
188481486
1375931520
883120119085453312
859951173104697345
983365428
826499718922510341
611803401
346739651
938924524912955392
1250145961
203871179
204163153
126428554
721154608576491520
161147218
918012138
830172657266094080
139703794
941884190282387456
2998737521
874803796521742341
888183573987065856
4624476076
2547067327
210789655
734210172315394049
523782917
171558667
385272659
3434404877
289667333
255098969
2317153025
510732844
821809093853806593
2188580918
41520971
146431317
877565666466910210
854639998766919681
839244108040372226
3291172323
2437051447
881167176
898600781816967169
179669951
4476452476
187095169
954328143002787840
509309279
514754855
721821999203528704
542172857
822924348919005184
714254354241421312
1931033280
788915709908836352
2589321601
178738217
4725019947
1326815718
852875422723448832
3894660202
901859345390063617
4630503857
835935778530344960
484076546
849696700595875841
898590640677801985
2533109552
905566472524754944
163623692
4822499295
357043165
284317913
2746383521
291771744
490082334
732250943576768512
4091823135
1006170937
987262435
3134199464
1705649064
4270874422
253782972
854085374
3690995056
208976888
809807728394850304
928153842
584288306
913068782486245382
146557072
832007677291134981
187774234
854699361498001408
880916982899638277
749720953349873664
946185744
39088159
935899801715138560
2642347532
930506667011211265
890697788761272324
2712820752
898206273614827520
2193548943
839215976176631813
207137421
758466578400833536
4570755807
950656216518283264
141940558
106442200
146907854
410169480
954982216186105856
164082885
