2868174243
850583816582332417
2878822020
2917485347
1271133379
227394617
775757452973371392
808061511805628416
889304770653171714
911610626002374656
215034611
738889646231457792
4808367149
252716994
2544775411
1131529592
915014994152083458
818135366221840384
2831975186
334063314
924097896806539264
3296478442
2448111786
2997558523
1666115714
732808771
1414198825
566164224
2825992510
164046996
456850877
2938577813
2281209522
224616315
899745329372909568
1029880592
3306732970
2781403446
359017388
4410194921
1293195248
929467756851974145
803191179378626560
904843512113491970
3782816961
308545614
354514701
736954913809412096
761260940637696000
907417614099591168
3363262865
795743694989197313
43207329
1170300457
1676947981
2330212752
719213736964308992
564747999
1137762139
386832014
1343328979
2967888993
3035584828
2384291999
184554135
2967149477
3050823377
3192647165
721857819050422272
2191053686
3246412455
160685860
750018684857491456
714806172
827946342572052484
48762891
890020296337575936
1229913848
1457111828
740646284911116289
912811099694739457
817197411915415555
1334426264
175222015
2411003909
3473885374
3064112391
2169320973
891837728
902913688826466306
55971182
976895984
3144637467
3439004446
857068402866872320
1449719720
3042393916
66387295
239997229
3638234301
319354424
2426095273
2994779237
804488590831026177
813765846988423168
837771354158006272
1626374004
711346482843164674
479598921
737512654030262273
775444354051825668
482902597
157119384
859085594739171328
748631552964300800
1957500996
4018538957
4454444080
3424951019
107398052
4707123209
792508543
4115639231
200570597
926887258422173696
2649365251
915724975126048768
2924742630
795370464424198144
871558997169631236
2408431015
2430938628
2359930042
706275934878482432
203665200
2239901693
777613314352353280
86077840
934878617250795520
1556760680
2920619033
69230027
2326305058
144619600
99977926
591289067
922984408247865344
1963421130
2350255238
516718726
1591459314
230921787
2732864609
2287626450
3451860137
2385986083
728044148549373953
828280172566761472
776422612599701504
725166534541344769
238150499
929403992907632640
2799112288
262258021
1288091292
3448528577
909570910071541760
845016543729778688
3264267856
855255993118330880
617217231
861675775145238528
4830460894
920309892036120576
2724576731
2705876464
2150423279
937762952
899233715133526016
141613079
2891321375
175547647
879513450862530563
2825480596
2350616372
841898341
736958858418106368
935266760223322113
172971239
4099707389
727085931329630208
610414339
789145076480020480
2826720517
2209166040
754355694074224640
840938316
902302621372907521
4277474207
799421523283116033
2730253412
723981563478810624
3434475754
3536219362
2768989181
295222048
3304587411
976124472
2985939903
336521570
813768010502705153
2590238316
2302122432
2895413135
371929108
863886110077972480
2810773996
715534475128602624
828003081271013377
4830112102
3291501936
3891542001
3226655951
3423008961
360590055
819277096518373380
763057432113344512
3100575935
1541457896
3258009148
824096644522242048
2339181704
1385147977
3381020788
889218665622757377
880035397950111745
491837028
631597741
3913047982
325576350
709789497622450177
740267350935674884
1835750562
930919955125678085
3330279377
3015377543
731217328709468161
748924745199083520
709773778658660352
763742327395459072
743143927750995969
2305865489
4529521341
1042658024
51346194
794956257929072640
817850899162927105
2986625645
545707358
265509334
767172267344363520
4114778595
4911139114
2886688769
1906137685
2953852013
4684510033
482227973
895439202476838914
808129532226113536
762116713097859072
743064472563159040
162078178
171498377
2342640846
825586590
702950230728294401
509068987
2493666199
2370870385
386054374
911371698531962881
2478867823
2419530452
703573914
820417444078637058
2271822760
713369089683664897
794983626018607104
817184830471409664
784464313486548992
790861268064333824
2442051166
2976594899
756180760092999680
3046626154
4042312407
396023443
3146105649
3550289716
1660544646
448405256
152438555
816966564901748736
3437479900
4799668888
2829127160
1452710912
177381222
851427228122578944
2345898386
494387015
735988457068232704
2704702836
2994254241
895102690820313088
2942158186
192406114
3316311496
1834989157
2655046896
2207591345
2987226015
1271013018
3350854228
2194794767
341010754
561245995
2890107705
1089860426
355591639
1096157864
750754568997330945
797431202844131328
723719139156738049
919367656679100418
757012335546494976
2399202361
1257434983
846052312791552001
4426991417
2298463004
829473500050120705
3300459364
713524507546398720
3050079544
935258636540170243
3074087990
905245918076784641
3354167607
213849908
927567994053627904
716724843438333954
2314012345
10044712
279544309
918903873431105536
4601782457
2572856081
2874260099
774910284
46458025
2250622951
4069641507
77855577
1947628524
728890939
3404004706
3372428073
380425230
822478686515511301
306195575
389108703
1157371525
122111781
1271094295
2958601581
935258961305104384
815783316221820928
509196453
3028452519
3700429336
3373040715
818612599466164224
717818298876997632
3885111027
1311409543
1499816197
907604013251788806
885143753081704452
1723265468
1319241378
934176698031136768
4473752373
760295116577902592
910149691
3033857837
701895114826899456
479371990
933150037806370816
2816670455
4405632945
3199390161
850792076765691904
151987722
771407928242872320
2986055897
770312862388654080
2555985204
2821114125
758677875541377024
3703468265
796685874700357632
4385638217
2626163919
2318594273
931851500170743808
3863623582
119493621
784028370891866112
707666473
3129586505
1711342200
817393705246199808
867455845315080192
4213561001
172512273
761389531660713984
771500600085377028
454882551
3037184523
3351357045
1684470121
2316371894
54565216
2864138937
1846152384
829049765895761921
1160746056
71910978
2792020793
766692540741521408
2801194426
857978878190596097
906363255899217921
259719897
423024084
740283791848144896
320454922
1296342410
791314013871276032
858400630041391108
713859773490405376
4331694988
927260713495785473
2958905014
726753286733332480
898912632668909573
4797053453
718463656
729357938
719881985787826176
4114363635
4527104680
3028354315
903355742392119296
3417815601
2377254674
877226573560262656
882438371678851077
897165509493436416
3244302575
839895711244255232
2837740955
828645175140446208
2492587649
2984834405
1400789436
2340208621
4453940151
802562834
2493068163
711291878600269828
474080988
2971137497
2955824321
891422191534977024
2205567547
703996624
910892605
2467020666
3828880341
541661543
2915690439
415726290
2722245717
2299920307
2541537038
2250300164
854094730191409153
931674969465122821
781325194614964224
2374033864
893134152022806528
886609034765316096
808458548652941317
2926961134
819545666204663808
239191701
790246096408903680
835268400570069000
3472403787
840244064528281600
784630289268113408
2828563584
1720642933
1849946203
220104402
857839785473433603
2357731683
2391941197
764286018115801088
2360346894
3297867387
4134259762
2724380993
858043678375497730
2216153730
839642510788083712
913100875115241473
770097670908248066
2153327779
289958001
44174294
735926406048284678
758047737141157888
2750864014
3406641322
251189757
887755407514533888
4647921747
3393760773
2551136052
741944902624411648
2890603281
782714608477933568
1038115370
462095772
736699706311598080
288461094
1033886982
907643898276798464
2332294208
3091699239
186692297
3633334995
1046271210
726155460315910148
750090250727350272
822106177
2937037018
819581595619381248
2856029854
756306181694586880
389812675
1904804594
495360315
1134056310
3352985772
4547662941
4010364699
712972402100146179
3309547060
2821845687
2402566045
892170012609400833
4013954074
233612841
729410059004989441
2232950850
911730212488060928
863096288
926594700643065856
836919600205942785
2696923164
518511611
787749886192152577
254717069
148077638
2227756031
1286303857
2799559114
755429771106979841
3546824177
783393509810245632
3379413957
700260211769135104
289865172
636766535
2790380403
892863899468484609
800102109190311937
753742858671259648
779490389480837120
2379249439
2987870597
4624343237
4034251205
385708503
4861356914
455161353
1579053242
1855415636
2602304721
4692875371
2911004481
340829400
4855521449
540883903
832283766664077316
810601650004099072
864227700768202752
2858331962
890677235253989379
2227263017
3041473091
3348166979
852302570727104512
2405049890
4430005612
845889120
3905408717
863622515486330880
831148444681138176
781603290870059008
3073827110
933567451337551872
757713746089443328
3177253053
2751974655
1008929304
800099627110236160
834912937731047428
722766279451525120
4864278053
2349173515
809459905732087808
320978063
1350015974
219351697
1495631868
850173010225057792
3352571877
4049330003
277040808
4048043385
546852023
172334656
722135626661949440
915993454383177728
895421095
867448104676724736
821599775325818881
202657106
752296251870380032
2868252473
2596826208
3857492902
3325997337
770058325639725056
212313461
167130551
972103074
370870888
878414062614454273
3678957921
2972030595
791331179144351744
1872559154
2460745083
2274111816
1960899930
743229403740672002
294762414
479622694
3371430844
760655469409144832
2297827496
819891274186625024
2559244617
1730044274
205330518
882393327735320576
711531515755282433
3083015359
843179262689599488
420542323
759950894658097153
35411830
886805157400514560
4647148173
897858501413920772
2421530715
1558683102
167599882
129583086
3080508111
570406539
783060942930280448
144362419
2182301339
3312562521
735227189839421441
1209070368
399764710
320887553
326184521
160636406
796060121390546944
926386328442417153
784435955964973056
46503011
3776782822
3997627397
876230692077789184
892098283891552257
2965504426
855800510
830799711820972034
2756330330
428189924
2720519572
745778788181643264
981406496
703458470
824405986697940992
767154234483671042
834544146736111616
867937062317633536
3819494301
115998055
935183755022684161
3333897508
322802488
2374189010
885688605737463809
813378068261826560
712648269466308609
792699951172227072
2280932978
785633824252321793
336226918
768504941690425344
2418933225
2349430753
4827471906
721784726869123072
934534419918086144
723603042042556416
241221455
847715688
893872278450180097
4389450977
4765736609
597865873
3789661037
953548682
3238751471
4463386115
467467549
207153943
3252987742
724417574033854465
3383893253
2952009239
300602739
892965523209822208
917456676852260864
2337543824
3578383995
920459133488386050
820323969987473408
776877786145419264
94335790
598401286
3161797425
795770112511004672
1315277774
4385111147
704796933504831489
728030151439691777
785000524064100352
2417540940
336290686
870153186
2442947125
3951144015
3434629457
342277883
4249602208
926475297972719618
714425588
739210077089988609
2981778346
3078705716
1628273029
773936101866242048
4852543653
762021587113631745
845865544146391040
3131247256
183501699
1023035785
1601749760
852242226130374660
4865708343
2947253963
2194379258
111910093
172374918
3350656943
4221955533
2645106550
880503610546802689
848692736752484352
901271607905333249
1642120099
795075955945508868
1735101373
3428042721
522611049
3450907456
703949959784239104
613646743
146275919
71922802
1372034982
2987173001
782541961
913910422746669056
892144453976289282
3538354954
479832232
77601286
2194378412
499912209
3981279028
2372194113
287975773
1282052048
2863313368
103113369
830911453817405440
775784427444199426
2382632370
879869250944589824
788764345459236864
588501223
2847458213
822813400178839552
774288672
280190069
4112547261
410595075
750449536666071040
840051938
933504110137151488
4818690622
2781183523
748648809421484032
228393474
3085454289
411773086
168642772
777295644910317568
276450391
332277935
788445593760849923
1276303669
774010722
713532566431731713
3859337541
1539133124
728593381664948226
1747044073
4098725014
3135056361
2477300611
569353648
743236616794284032
2840498787
2482536468
3110698059
3356100142
322675003
3226613320
923672852
3039803201
1349094109
280053374
2873091491
738050238783590400
1052976486
2636113145
620315387
728058431064686592
1380926624
4049579535
262211105
952020320
4664880382
708902079453130752
930590654530572288
796014282697801728
574513415
919271458236452869
2994452007
1904520518
861674873109848065
197940477
734564826161238016
759077953372295168
3153558413
869942563637268481
711649014
1606736636
851854789038280704
822253451241472000
4872385539
2499693011
868956888
813835001703829504
799401038893682688
846170503756894208
1947651240
1089886999
802290508659916803
3321191819
1058138617
817386624069828610
923321671993487360
337354345
893938591172370432
133855109
846892142844940288
3665855603
2460314960
914639141761159168
991545788
4691426293
933714580634832897
3430695136
3097219792
2254239834
771778692888555521
421061632
1648694887
751281454831669248
1169791956
1182992562
2850272998
2904170321
370163047
741008722328223746
2485224507
796124553739173892
929445008197017600
761328434010267649
2773677076
168784399
23123766
2225732061
286534191
3394784265
4690765734
2155325764
2202240494
3387334145
229569508
805176199278370816
104721075
899110349185667073
132164499
1588429278
2180965202
932637528347246593
722415771201232896
334782431
825777833670750213
3373153996
2683797303
4907056427
56747360
3407463820
2732017731
231191558
255148404
705543692199788544
238678092
206745706
764198882377134080
768604105749172224
760504555893354497
768915938456506369
718869598469300224
151867999
3037178211
2594869658
323264964
794896046455476229
900654835850194944
837496936718544896
2869658271
796843666727993344
879760758963359744
360220508
794972630730338304
944473279
2244380148
3880884267
866439712558415873
4481004994
4829967039
927207352474001409
292430479
2267606509
822860963707764736
763598360720842752
706970133642739712
784421304573329408
396889377
1022362190
2332106608
621426943
2548849067
871183807281496064
1027117255
903675772241678336
746104435068256256
197888621
921187322351292417
485183438
756896079115907073
733343512926818304
172912384
800323696896262145
3222345273
2892216646
4174759521
2853238599
217551469
2973825339
185850792
1873366362
718594161881047040
3343185941
2724691521
333128116
3051612742
2888285644
2324951021
2968203808
491494155
742904415082926080
3880299034
890587809958031362
168275691
4028349621
4821609707
83438208
737789060203307008
743533182042148864
889883073243996161
239192107
464694383
1390131926
2167274077
1676341956
2752005881
764509421015818240
2857420039
915285198270554113
867888202186620928
3360634426
183448306
760642824979222529
1476031530
2268229123
906690272129679361
60229488
801292978153209856
3085053075
1445068038
320228547
883485982804377600
934858797331427328
848905360857600000
717114718964547584
132314106
861007560568123392
932987538192715776
923481542
871397920452620288
3919292242
3302049395
2387804587
1961171869
2899682045
4736442676
2414805398
732744119563476993
583259383
2321084468
357060184
873131534672375808
812440561252712448
172967115
819359422245957632
87083826
1020410719
788748644287668224
2646406796
739548330393513984
720762265692213248
3452011282
1723059469
804587130102181888
4144105445
546417946
1711795069
792489036
393107794
968276096
1929263449
3430565134
3252710506
3063526077
902987097778290688
3115848735
2958705951
711632032766554113
197966407
126801674
3378070444
3141617296
793090660748361729
2559894608
96932042
382435704
2674301581
2422758608
3422399147
726094598016274432
3397817206
120754759
351953030
3429491008
588436964
927925130097020930
3328384389
1066755391
59779529
4568213962
378962607
333090293
283639688
2871878502
800877024097271808
613741669
178056070
298552700
114908983
793990976578748417
816678304484888576
403460895
932791490627231745
2262182899
2241356816
1949299555
2970600557
2800237304
2683968689
372554579
568380034
2382629136
768904562887581697
3860447717
128326101
3136271286
628848708
809151758593359880
1528216382
711693169327476736
934048915493654528
3295092507
282202548
231228547
737190516
875825194262245376
759135544362369024
330862015
907098734697295872
3356183560
749771224201519104
3657871815
2637883295
4578462141
3066659548
840566593298018304
3099391997
796066881492881408
1350993079
1101057709
2846574213
305868727
4828142253
94844746
327477333
806285917967228928
234812036
160619568
453135820
1232222155
337258251
2607065835
3116251750
817076777269002240
769990310952890369
4860672422
3621059476
3100715651
4867548280
2846316104
785280442903715841
887119537648390144
3630180972
2314246488
2458666852
90382422
906958383231782912
584005522
878413353630216192
843187987966058496
813891318346870786
903050178898382852
443019840
3325742345
3392244285
81598377
837675964490461186
3873726927
729408664864473089
203312760
1574361828
3654073396
3392722630
731205058533175296
761437204736598018
829505478124240896
1615614679
2699308530
402049686
4268868376
1236926587
2738183813
734415274166849536
828243486927360001
41039436
173342213
3393010210
934980944490049538
822113612085022721
3013282887
874075274832433153
284799099
354617615
921112238269878273
