4878894964
3207583695
1451734476
3378031715
170056032
4625962413
822641972364058627
3379486511
117554009
2726785799
902165414846791681
2399718442
826120825820606464
65355454
4780001733
4892720103
2318353953
4387641640
3335883922
4926168694
1021367456
889838252
2962737371
3058002987
845625416954064896
890030131510743041
525294395
2771499182
709207632947630080
3416338697
1240065728
714694965092335617
77211521
310861386
891121035671732224
2200342951
3410441793
937123256921968642
713868204054020098
332253434
94906913
185386627
753406733117165568
17696106
2345087447
743169514435645441
934531761278717982
1242750932
771482670664744960
633350084
253249308
334394008
3406462035
2306735057
2990135193
110037259
4143219701
402667779
865000483789787141
2863629451
2160614561
821836782
4254297995
4624890441
926904663177383936
42311790
714105592642674688
4896443301
747942987271905280
2219457726
803227187306524672
934121690916847617
1053472008
382654498
2999812705
3022545045
2178348932
2964741755
732407657563312129
1618449644
189550465
568469408
256066835
2408102180
4464985277
1930849262
2285944325
2229977426
418232941
718082373137645568
814984830005997569
912879762539974658
735619153302851584
577671123
3386023445
705972168568545280
3358592187
2388007560
2666786088
372926038
717491300413677568
3960977536
858126810709725185
817414482917998592
269392302
348458699
737764887120777216
939533317459861506
305332364
917359011980341248
555147602
819182889673822210
3989198722
2823948851
756708829132455937
938158885747216384
3233787889
64210142
883738573769506818
761876527
2588429198
2363279293
4693045993
3010642018
873552005599506432
842056472867540992
2559389961
2882759871
3474786562
744012542201241601
619488361
901629860170395648
375050704
4856821353
274175914
720368244826046464
4509164536
2227756031
4034055173
936211717486448641
1033611566
2510929319
2877407687
2939655393
290719553
1717344456
794180071854657536
3404889874
895688278149652480
754706137744830464
137561764
725847504600879105
795089303680458752
716410753666957312
2329273483
735903016071639040
719943976980230144
736976912032124928
294418671
863466269776982024
838806274825420802
2208012524
12781192
1969677014
704389762694684673
67212815
476283583
4828348234
60079613
927615556777398273
3244904363
820776786590101504
60832848
3420239871
748628955150815232
2975421643
108143371
2538743628
778874779
301207278
707177624418787328
251200504
2955784528
153476599
2326127899
317980423
783822656890077184
3303500141
783354996
362149254
938931096368099329
3241202218
742493151907184641
733452222
63583378
3392773823
212290724
3121408943
909170192617525248
810199608605495300
4211515205
750160852062445568
940596615517294592
708290966843748353
708541848382480384
925544456304103425
4864337512
828981529367941122
754434500843757568
4194367361
61635916
2973891550
3494981877
722473812122583040
2830700529
3381995872
3741748949
183796071
293174148
2217908220
234313926
1335135691
865598293
750337283111391232
741385223930314754
748286316899614720
330470360
563910591
2948930585
4517896161
925006691959177218
809936441065275392
2710718297
113056347
14384960
4828616249
943236443983532032
1462498705
1457914544
852320126120722432
4046626636
799726609506779136
830159102642896897
323485555
792327827618160640
3160807858
291819007
1700565480
3028404400
746911560845660160
4180860028
756683131382558720
707508666
721484655267090433
761417107
807720103538200578
1638162182
2366489976
845915251203887104
764197197789343744
238410978
34777433
174254090
2628042720
886380911385825280
868146790528425984
389088407
3090010997
3256909205
2584069551
859525652168441856
1971801974
859040179876659204
2832469607
2303305692
879460645019803648
3062795099
327717968
987281365
834494191505907717
394067417
940605211302916096
945096881318912000
734509173304664065
2781533309
939404300
208659419
4398332309
4091507441
884968252501352450
133036250
901210512691744771
830838650107727873
913711990568361985
1149663986
137039219
563292636
2370107512
3044561667
885527181543305219
850795477318737920
3389580484
730073463839457280
1976382984
40946551
872528184327237634
792817779086913537
732366604579815424
4872922955
537766581
614634971
2752828039
804360275495452672
4247210240
157486889
450940611
723169300597497858
274643249
3742465694
1523386686
723730337524752384
949677079200661504
720654197427933186
853451719866548224
3434873283
434496353
303508641
4130243835
60149606
601880134
951082373017493504
600508346
736211223981764609
794691994983469056
88535511
2990922514
210887681
727270425902854145
3308787868
3371490477
193411188
2631722297
1561736827
2417779171
440986686
4191471861
928833658953326593
2999692275
4212768113
2435414040
954670356077404160
2844156477
810290524682907648
115792669
56511883
176885259
946230354863570944
791035713974333441
2371931807
1491403843
703608767779364865
898176765021106177
82219739
733141309041610752
2770097721
772609085124579328
39160660
2816796068
941728989600735232
734777120933679104
2295785493
468773808
726094598016274432
700795779544387585
2285192971
2476197579
806141731326586884
98241634
2505309933
3227316432
179507905
4916871329
740266806535966720
769718806952443904
3980361754
2321456072
80368208
787820484473815040
2458241343
825392870861443072
172364496
718614439667351552
791738645992570890
1005914857
78413951
221764900
2342438478
514560896
2701890938
3789661037
1640720935
4416327802
705581349
2287474326
2598240999
3246375521
699331521497448448
4635445546
20133231
825896222699319296
1017535224
2177872670
2696876808
295415660
757112280748294144
752631671523045376
364284777
756684778531909632
822150421112307713
1442163194
874216820
4465702768
337456038
328507209
80278436
321683558
721538236888326144
1549116290
90642575
385708503
67231551
1957372406
506111166
735693062
3379275742
3308395221
171192352
702975278654562304
402330824
15969973
3384989183
753382105548222464
1439568386
41846219
888955800563183617
923604510945234945
365024070
462149869
569611762
2434752512
2847364276
825370557390667776
2861427235
18099150
739450129984409601
3982931
100537516
3627229575
90726594
61797274
2975392043
2902156681
872992479901102082
2828746033
2585745365
314035888
1004260044
49128823
4897990804
117855581
880923702
175529735
198732099
57791320
813440427990904832
745052101030645764
2419349058
172400803
893191662905819136
779897262331887616
3745098975
200708990
354650287
708095984937648128
851134670
2437698494
2837776432
2710521832
86340327
407386282
374627611
4827665533
786314625252003840
2930529669
789936842808393728
766271711427854336
1466036582
208521072
316626816
211183130
359536969
739507702209118209
436436189
580191736
899382548664549377
927606183590014976
777666851698532353
57384528
786948216369606657
155405449
1332193250
2816025113
1066809709
902605606636449794
912898270069972992
870329719467778049
2408883987
783073263366922244
540591219
970052186
3386782917
4906175170
1442076224
3253796457
2829006160
730452578190938112
2251358074
86375878
2202653154
770039794831388673
2589347969
56258721
893232436825526275
3142451422
2271223134
4556144656
2279355912
734519044833959937
143227481
2988203002
796474444273192960
3167573463
4147305797
1172182819
464277000
928069447016951809
188114149
918152284537843712
2235258073
2162523988
3407975559
83886146
1476132962
892163595555016704
416704555
745592340
301116559
837055431604334595
799773194949427200
702215124
2783265823
3001627634
2816670455
1626114314
314676464
764945386989580289
279073463
2221964206
72438009
3193124663
902903610136289281
2784506332
707365464343707648
267450919
420999945
933464366674046976
4847273637
814876230898028544
3403135875
242151568
1175533129
1613729874
2740375401
372630232
814854495771492352
877124303938084864
216334978
459442118
1312300034
767861510043500546
94128116
70525722
293740418
2787717783
482063050
2711541987
2969944067
1876510454
542312052
781424266944376832
93302958
2555548180
1015538629
263389481
803353466328514560
254819248
850186412163051520
844313356383272961
630720632
482128858
145720233
922854184537518082
803029968737406976
854006902119903232
44179848
719440006
51734614
2667950916
1414090250
1935846308
4911505607
1047921672
71568684
2477565444
843290634408640513
3439485208
770803074575335424
2937769402
721394547251658752
3314042045
2478939241
4206782237
847890334222876674
872946655057805314
66646258
816111963650584576
619411826
4626090982
905378724106964993
768645383572652032
4696614619
3972706395
2305442834
934193457870098432
1009473584
934542764473233408
1046695243
807733397179207680
615682969
405237667
722243541246873601
89799347
531796998
1370548609
118551507
326782626
935851416949751811
887775128
888881533569970177
778998399588761600
36789378
779125335082270722
229604744
62136913
730575068993093632
623161273
2988351665
802894988
1172498089
1126708646
897636358407237634
931266557107458049
1278801379
904713216
3350832790
136759049
59322943
154110847
389078594
240692514
3008168159
215276809
4260982281
476252026
883078825340489733
721510696345812993
38034285
385627327
2150015330
1377166920
1260219427
433430976
88079466
2786581115
789864871559045120
164867230
276951384
847283883393417218
398992690
3076224777
930182619458830336
235131209
279514295
2279312257
705986979884900352
2955836104
4249511247
119545972
868989950
1005143544
436014662
913533644618256384
18337203
933061827466055681
2683664054
3062624801
4019793149
706120036713426944
38554188
4833108407
953775590364114944
30902120
1630699512
875084659343986690
800487212341043200
317483965
72122332
771174687233548288
927324579210629125
927340500536971264
2984891360
817520404566835204
3066037595
149656768
2228646444
709441490
4874556363
952005117192081408
758126750429810688
3050896597
159934065
65713640
2430028966
870475694794473472
2338641399
702231427501453317
79241417
91196600
863012518712758272
815347237
810851619239788545
920145081637703685
158538213
938754841979088896
752524175017906176
2159538138
188748808
832924285379420160
755036472110149632
2835439311
773297051056701444
2413313578
802521450540335108
114648893
822494920518889472
895120077099589632
704712043836923904
2729035503
954819070439849984
926077780982468608
927573400440188930
901604639992410112
931609452138115072
4049948834
2724055663
248874825
3343018887
793644136297537536
150381350
2863972552
2677492251
1295581874
1516489021
2902620525
194243146
2801219651
2448329057
915947790756442112
718903738602242048
1112498634
835652045352886272
2589846910
58551617
3330640829
211204176
715742128555606020
1435737212
1551084469
1279004184
871732607737835520
729009909698863108
913592911698284550
2316272269
132004377
3419363386
2172774822
4580859855
4660099828
261319174
198688163
2531566469
284836146
2501702712
859207211683381248
793872837048238080
333170383
90615795
890246852389605376
862685161292529665
191209136
739814347724165120
97558482
347583117
175794391
3438094611
319013209
2567739887
628768219
3460498277
2352138638
550561370
890198045740150784
83604780
155682577
430148879
190843518
771497119085715460
117183420
1893578718
2742229300
837788893634310146
2865453107
1632701425
1606527090
716995427195813888
128260873
231622587
2981603397
327076026
3298681145
848005775456907264
818939196484317184
4158982697
3354017477
713867185089810432
162800553
817347062354350080
328261717
902015502385651717
3420300124
104831557
758075916715233280
1481153671
49631017
882993625788973057
2743198635
55767598
61959841
949957981726179328
2181151393
3380669219
819547447622041600
829838699298955264
2389271310
715325364789186560
362807545
931188776017321985
2758388121
860199254517841921
244624950
862708417311498244
21663897
823494983529459712
801907296716603394
2610333185
3787584497
855988483781001217
43742370
1315715322
242527582
3289133110
34039163
2681128574
362167728
770724306796109824
1499319744
85416334
839091122
710979291916443648
1109143987
3405806591
905232998865526785
83945061
868698226559471616
866799762883923969
803322968
1354588447
697279431983898624
1205666576
471605095
71327423
2411114595
361525221
2173587568
518663469
849389169478598657
907231282836500480
4885520721
253534089
3046802368
3460992383
2951942205
927225676725354496
308793258
914994438388293633
2590238316
2887335879
60160665
3365824876
326366703
3341770288
55248241
823344709888249859
93617890
2885594201
793598302214299648
897577866946371585
936042995274706947
939555946841419777
917569655006474246
3799425994
761348170941169664
923344748236169217
3398755624
775004750240739329
907416851541577728
2972626281
162518172
866471846266507264
409602863
2911037099
3965080277
852201547337543681
345656219
2863940880
30460875
3234806535
2323990788
3011045614
3044715213
719597936062111744
945689296933212160
153418488
565694090
826854830459195392
169128728
2993593804
2175876340
45870106
3026671893
3119714938
3459802163
3408012087
738903284371587072
712641650724626432
186928981
1631020056
623976081
997015088
2728629064
1167578102
718893869627228164
82982011
460130597
861756026042945537
1578371598
1441334281
4397478556
413254363
802269500905287680
3075656835
151293200
56031828
54721294
2190466083
2986337955
2902670753
4828271237
2750246649
3853337422
737857924408737793
47987650
1876467776
888381628791345152
2939509228
428228330
3407691225
839704410011889664
35770077
876924925482852352
945633221571678208
852334025935126530
953587124351262720
141800923
718169961982726145
844722307
3402131331
225440753
527021108
2437710397
466575624
73427752
860954670113619968
882561008094638081
706137149880573952
2915789213
412642752
409137416
854624060571103232
2865831055
4693365078
727280592275013634
2991072587
1633344673
2857929664
279636655
259713320
711679880
3664532241
873494460352671744
15522488
140502540
824477709137018881
592918619
796487385584435200
1618844708
579121696
2407849781
2881288869
3429208162
820863332555100160
4582923015
2282988888
2954006584
293499828
709708616
488853054
294390004
903314163564515329
1609029794
4002107841
347970993
2271784429
1940854784
845671977847308290
406373585
3307069517
2596809058
850680966494519296
2605849844
299970864
764827604004331520
770289213455622148
405858223
540693098
930925856385585152
1384876741
716750577699594240
111718237
818107532
261498020
392229271
3312608319
4242321766
795345521326034945
194821399
862497185572806656
2892873053
3332055082
4086185716
374239926
236482697
797950072197697536
2806586680
2538290205
917833058
883889345756884992
186267550
1033657368
503136084
745375624961855488
242991760
844135955862896640
754869296132681729
106160620
601264512
2396956282
3046626154
575867030
797976972521508864
4604867415
3338031893
706947096977481728
742171534517637120
2959144497
950748077622734848
205475730
798730680964444160
784513640888201217
308795280
2730023596
729845867495231489
3326176749
2353666025
772827950374875136
842775952501493762
3376767809
4779464476
54689565
2180456814
1051237410
242738436
1319068320
177742385
254168093
62155247
4431830842
2975139244
2842863742
725119954744397824
319134852
340149285
158902365
342893902
165619423
501218539
58985288
2721338512
203706375
355034347
1007528329
775520900917649408
319667356
2881033226
4277474207
893279315973910530
1319559806
812892036768661504
2680998160
3045243340
783088056001671168
759129753668448256
767525233393885184
722066858292166656
738446239180705792
747852959229304832
4345329022
735894412283240448
4528906515
198644033
1297421743
809553482789294080
4497557957
814134637270355968
161135650
375784587
268606760
2839724770
922205306532360192
537396028
2758853566
3927722835
243270227
3529212136
895426706340798465
706260189100556288
536515604
752876285857296384
355024512
2178681710
285161246
2801065894
4333589543
912396282240667649
841837970
323558515
4210640205
1370627690
287913555
925509264453636096
841775257547624454
1428643308
297145244
949309798394286080
3046956490
104630138
228878577
3063720753
1705608228
152454327
1569304962
3002467161
1135362787
918550013176934400
4900144563
4865719636
759571996292292609
3378235450
181353598
912099033161830400
809030247383494656
749608730975764481
4258827615
116813085
3028281935
951573688037625856
4628873177
3064703980
100005166
4855389159
2859114192
715515198468173824
3033953836
1365014060
1323374305
197888574
3307884100
2925340113
2831838571
896907165092507648
188536697
790901442118811648
295361825
291519428
621361711
4890482121
3385983922
73559638
713132094898249728
1891848434
2889004497
2933742285
883870235140526081
942059358749421568
751198207313674240
2960884600
867765042917367809
747956747940335616
1084987724
862491195976687616
2875136515
771855308083892224
2305363490
3001673346
778310312848154624
34660425
3950537608
2914605371
180157317
323582567
324455856
3080074653
3119828842
383483530
842720275
390933959
2786366277
742155773799718912
866798040761475073
2885251704
3135834274
3680683636
906285748814524416
2282776709
3348163379
320228547
788542358942060544
3702828857
748885623428243456
3494001807
829103420246282240
934444576210907142
731280250706006017
4077147647
904520521651507200
4404379413
926766669384560640
3560242035
259946659
867568473752338432
3723152115
3387743879
2782332142
716208171
3301730738
1267702471
1485705170
2932893455
844658883801071616
3318124732
42233816
1620862747
761717079703781376
169689974
844165737941995521
890408335278710784
4899129137
871811746134200321
325870789
2908200479
2451854449
375155912
846187482987290625
2977607944
3148032209
756568820433690625
1421176034
26374762
3346749099
4376933920
709510074033635328
1215777751
339879678
868706341858279424
4160594169
97602940
882608573754351617
929117951739027456
192587834
809798919286824960
761992353963974656
423345239
724478030
701593670491967488
813032415602085888
494236053
1630276219
781540072772530176
895652876533420034
869386725122068480
151623031
470636324
2867694701
42266985
783850068432527360
195034816
2670774288
915805444769243136
950930407771557888
182976625
2161084803
2296397176
1500097454
542262386
4911586497
3750865217
908124382119292928
29370054
181363345
744188097072611328
746133922065559552
764217625136234496
808623364692705281
4387056881
771799050224017408
2818745791
1474930183
300588437
789984154255552513
2429576491
881200242942771200
943882092332625925
53031083
1003233746
2867715303
706799817494814721
815046323183435776
882269760171409408
910909460935331840
2996539333
1955787848
2618237705
4101368967
175812082
2832555647
4003818885
1089299892
567544898
4852140087
743122010864291841
893549264772747265
907905059194916864
16666684
954389833631326208
57425387
708702837434425344
860446956098813953
216258094
2728350653
92296785
46748708
773675072712212480
762779071243816960
710173070519046144
743906349608804352
2163626006
392124136
622258507
303997799
734946399138222080
3923220394
2959075329
3305329889
703918468064739328
2217910026
736267855189188610
366227877
705168055429681152
184129460
3670102695
747136107750506497
805856995
1628501600
923905837642510338
939566287
953077239893168129
2876787406
859080036472823808
559081053
3074997784
578363658
159944638
2741892077
167382669
4190563829
818786601471983616
508185520
54596227
14752477
2595031332
754138370050260992
2982957201
114340318
45209692
1699959007
4750237175
784482158434017281
931955831083618315
752169137934364672
195556189
3245011630
185317818
3902836323
1874263699
1084506626
215419330
3883250909
811686102092419076
885954626465476608
2910127653
742074056548179968
814154573778710529
859121030790610944
945463520833015808
3119617629
924456488311115776
2262378040
589519571
2988446194
2205934400
4777309661
222994100
292586400
326319786
954780513625165824
911925491044618240
2922316845
38753036
1416855342
188508978
333557095
924620503502991360
1254654337
408538165
369651601
891110625715335168
533790011
565895718
1580512110
919612396167221249
796141034602463232
383982161
144563631
4561104322
878415662934315012
2923948085
2203075959
541840980
2721170811
3232004189
801899577569906689
278068385
3905343561
1059487309
214453456
2806511950
2647382925
4641836656
771509645529772033
1520338454
852329457671180288
89021947
3369767739
3567956357
27525101
3528341537
2190115683
761981979940294656
1415779597
31121256
721620837313474560
40793118
4039718609
1363400610
860152974752043008
866772979
173978070
2832922721
802619058688577536
353734487
2908299238
886656956550787073
848323010075537408
73174599
4101091695
245460503
249717983
923321487469301760
607573158
921578848474554368
769220939888353280
212752919
1237415509
2952243472
709087529899835392
246866928
3430677491
880681890
709530720428019712
756314032953581568
1703394404
3776658215
887327761718706176
154293437
171282277
956284562
2455344956
2768386083
2594024438
952585228194902016
819764426530324480
703575790403854336
2174898936
775859800194347008
176945783
2297304053
856144088323813376
3065674865
723394800
232621731
4027369343
2829732083
600575377
2215698847
956200710386876416
2874241266
3077638036
768534136730554368
177312299
808323052559863812
727228907917815809
813816632636305412
2574134977
225959773
3428957193
875701571664982016
945294918616010752
4352868941
2279698042
764350980842487808
137045866
1633636830
704733390851993600
751492068959289344
847242751112396801
2394200639
886713571110998018
2922048905
392210832
819006452962562048
2692694391
921885081790238721
3976362579
393593171
2922222352
448911178
107731568
388515222
171580970
709429447221506048
716757665
769001721863569409
800173083210305537
380586822
3383754976
2719897229
631671193
3391621132
95753023
59905043
739859325598994432
1235776111
97123414
837430993376149505
4643954355
3436128922
2353918807
565696606
107496722
827127560291094528
854877794656014336
701545194123091969
772497379400544256
201551278
912072621872775169
3033453405
200955928
71101244
871744569779638273
3331671377
801504721466966016
1313877354
220440462
99134667
236409094
4105846726
894553840573444096
763203407343681536
3355993875
197492680
4831282091
44679190
948298480627453952
837538045712711681
2774278143
69344371
70540456
21294212
459483442
316186701
829615590
1663924381
795796069514964992
3391287815
819790767333875712
3367427415
416578777
3106163013
1442410830
953294685451190272
2628105242
151140630
850526883049598976
930864887168978944
739546224538292226
1308596179
2188000619
768609827400613888
342411512
894455875
4562914041
881254559359881216
854048016407437312
3481842796
287385160
363406361
436655435
760549405
930256973043511296
783367030095376384
755205214735634432
3111987485
765189059560038400
947289567769579523
316799498
717373212351447040
244180054
1401268022
755098986642571264
566894520
324667213
793807921096364032
4843655686
889234364
465730282
934854677807681536
4551485248
903037429539536896
793910230199504896
2527858254
3037147217
771110722885541890
711454465681924096
2861183094
4033303684
4389980715
904771102269952000
75915063
751655601814601728
1090260830
68424805
4899543311
295222048
760901380743786496
844890905786093568
878069831970549760
933045322644848640
2487044201
3236318880
954136760153509889
424771398
1319241378
706858607
878366732817231872
3039305517
313650915
2481164263
216502312
132875266
223788330
2999131786
120589531
316118349
4002959535
2396568182
3381996911
2996657283
951575795100803073
220499496
924966974748274688
3518829256
2696990427
264816800
894688599207268352
3430329729
4818553313
33903928
295980472
830972118645010432
181415283
353265254
169163741
724644773374648321
3105857411
829488943263576064
790985400743522305
146257522
760989183439728641
3003967720
705805427511062528
3355719250
747969856121769984
3244001243
4210064697
344300934
4167414201
238242741
1205775091
304577718
3299372291
764138449905606656
4405504883
3103472859
922903644349108224
378560103
1723086716
80727802
3405228706
2736366600
285321079
829342174059884545
2958880833
952970004076662784
826539097091108864
286370310
622298281
889643908422144000
3492363915
780045581809057792
874447444767125505
2883618106
65262722
912390647197372417
130920311
3872775015
2828822572
2854141955
2994934415
215451413
3904104742
849075112359940098
1471352827
771778692888555521
3327637786
828574250135076864
1606078015
829833914982215681
2516979745
2806384221
482437451
3819120689
4428404667
2577715722
845713828465836032
2939768758
938457980122562560
76211176
774033132404301824
336214403
4047771965
202500636
437890740
748681591648579584
220902127
3141137433
17593432
955557888977702914
162154114
922615479100944385
742165649162670080
928105315849162754
755161073800577028
729350776385056769
98350033
4167675616
4574403509
736839054
2908589585
845704447384866817
1674262674
130901155
400295610
703584300143419393
236630020
324003350
716378477373562885
847291625478832128
63533292
981800233
3818959395
4890547600
713540317
152696875
164464056
915356434967273472
754459610338172928
109540371
2276521663
407903871
721138828539490304
803341133149569025
4626995787
1429017769
3396361991
630707384
1875568952
3084014813
365780957
778072418
2948151239
891149504380112896
162554560
3409421986
837102516710035462
786494312548794368
2278302675
916880884107800577
560680602
881709653645807617
2553440391
2693784268
2355332076
3082879524
604883339
751029813452873729
810175263074111489
2974627211
857727620913524736
169941063
180408980
954389386585624576
3853754362
2444014447
729271012492185600
2874997434
2379345241
752595367691255808
823119105599434753
797490301548032000
245457071
2742852449
863763607770845186
859183143991078912
249465655
1650420422
952872250667134976
803613946284507136
1450024134
2894678008
1846529520
3297914319
1071819236
911285410743164929
2344332278
784192174187577344
70168333
106443286
4220779312
195484342
3010701831
721133465488461824
4093182982
149956033
803715953817251844
955188842918707200
88683877
4895960553
728184182342569984
565932637
4710367036
967113830
928036193694113792
1167550818
716714145702346752
778944741836750848
3323875078
2832513215
3327737217
215288202
392896174
742028293998792704
760658245522452484
1624537843
60151811
775115513865306112
280647392
3308831500
3353388100
884158615325728768
884209037545439232
285728070
24080132
67373066
838536009558142976
781692634335240192
1735269596
861398780129808384
3314104359
3022470923
321088709
930529234862379009
705194299462389760
3306054999
874078916100718592
893633007965351937
3240922677
304830513
290838008
887367906337705984
3074937825
177242314
108624498
2922345863
94798518
793960146720423936
171561762
65480808
2551211479
2403640876
4253320275
2933980917
117233931
113427146
931549285702885377
920289180864925698
2467993237
1477819471
730904911567814656
2586557569
2507287959
1664909384
2684937454
942443883950166016
830919730936549377
839305757233401857
868821548655882240
2322956732
3077955136
960366109
184968412
236456008
1395024648
3207914841
154540584
823693437941805060
2937315627
320054612
954063113283948544
785508517063094273
781516528038604800
3035530371
464064397
319162752
1594554450
3505806195
117958173
3423268535
4903381017
4054205657
3128063538
916161715489988609
2855563617
703060787741528064
880842845501968385
4866952168
808097990682484736
3308235347
744546152876498944
603343448
2187696793
186639234
718879489606959104
2332563895
862889725149007872
897889440361832448
2170855076
206897698
853207662259052544
2932171985
722193030
2941192329
200715383
3078494090
2332075511
552209946
2435911188
2576033001
816456022520905728
3518586563
51188832
2894933548
756680003597852672
2531001445
720033892938432512
3197637007
2493439305
889272368740405252
920058423882010624
85098670
879038305387544577
749418944675639296
181258277
743150017221890049
739938675744776192
2361441704
2779067321
591225937
2887140004
706610469839233024
274578349
1042898816
3420756765
962819744
3297113950
2750788314
615407372
65122713
789203996892422144
3075730149
261758522
3426930563
167070377
2717033163
2172959418
890908261
783284461
727669291546492929
2313042886
760215288537354240
3763313416
758502368992436225
19321558
875903082277875715
854364063597563906
370459030
2970620097
749480083807612928
124890261
786740033856409600
778662328472657921
4884864519
2186835169
4576951337
45046603
195725512
2480733320
338060170
715676008385548289
3294326140
791057587718483972
869700477813968900
917422376844955648
3128799402
4910791865
1392189361
300256239
345074130
450230180
455473307
3380608240
251725247
1666548090
858741367136288768
3366878207
65161495
931182920198426625
243281923
881207210625421312
713885656804622336
753001202573598720
4847379273
858448845403041793
4875394871
901144102624014336
381210193
913791007778639872
3432959230
811413335317118977
488742598
1493563465
921773395
4548890435
750473396782325765
2324023878
777986186367369216
878453976001335297
2364585899
712752506917502976
818633179502444544
703423552968646656
104280299
4817195841
953030254943236098
883013744942514176
3396502931
2467841128
196327365
782620167004041216
48066962
1644291223
57616072
554756114
785139455040643072
167691048
786325880595484672
954362279344173056
2887532043
898743904199204865
273246542
147367771
733960118707032064
721726564833083393
438418473
799237219
68192467
4886331844
948065187944435713
4866569404
294231721
423705017
935321828838473728
3214574695
3196259902
920698853837496321
143984290
870729071466094592
950479456904339456
443048073
206653341
52938829
863006809510092802
2750999583
840747507755941888
1400962166
882663325099851776
833039483255799810
125159240
3978650003
410382589
892893439205019648
345386615
34186706
105315034
19072127
846871354473361409
899104896338845700
2227162734
228577853
910715480108929025
2843049898
2894932257
121257512
759729940652658688
805536334102327297
3955442483
328091147
2571829555
774497021927444480
358960989
298548364
781994663590842368
3837290237
370448037
1543726429
2815463424
315719299
2923383694
2680939541
813937497864544256
42459521
1280955486
2742340152
2949051856
921429423869571072
4744832267
2853896469
3643728921
921015594002108416
2453812292
4288724298
55340441
3296179868
903797862840061955
747100690355478528
3321748781
772226622313422849
3391248071
210964426
772274961675350016
4150090133
3090298765
1201811652
60905247
750319495
745413126640836608
1071910567
38174907
3468535217
945116172546166784
928578281837867008
949749832872325120
3214866754
100282660
3352714179
2976720603
3030446533
923377044
513494050
809836463332487168
3025770897
4572027635
3078197890
571865624
383440987
87282129
927943986899283968
2482810801
2798378431
174842828
3237033855
917905830330163202
846793187909926912
927117180101066752
747255428497682433
2840811310
3407507453
43093745
1426221234
3305618092
956181846504730625
65510328
1291820875
28662843
1350197496
400387427
765781654484975616
846083654724075520
952740727410315265
956119299852259329
400769392
1115184026
747272436
872666094
948602073674928129
1059239580
37970376
170461966
4120381769
938842236057505793
4755993197
104560327
182508085
789647480191348736
3397352907
912706915
2438927232
266935749
722910879918874624
180958997
799033646200000513
26544653
2502549826
243229551
598096606
2925514058
84925552
2982085234
106282187
877171996307709952
780884064832221184
