946212437031833600
884921137934860288
2900983568
4788548206
3319189457
170498695
100642054
991656648
228213632
162165589
146260310
2863865074
310301043
1687073760
880806972173553665
35022515
722112676797804544
1537393338
904509194228948992
93977859
3634177276
344246425
803057674770382849
768501582069690368
130233687
845658317632495616
1517155512
2605112405
215449852
740348089425350656
87589209
1106531994
52076129
913448262023176192
36419048
106226670
589154056
30201853
3386124935
59229498
43272674
414306390
53719842
48381235
2735183691
1151388890
873139116401209346
181166615
4615581436
79758292
945699245662855168
155681633
4655791948
2609357698
152601193
719584228317523968
220308320
2374511598
3395103905
46180835
130230700
69712655
36206294
2290091930
1082312654
2172348015
50288953
226999267
385462118
904914834910830593
955957093735026688
70778075
78105862
871148841415921664
428298353
96225988
3126474640
145695327
87983524
194302770
1447787984
4439973315
4062609137
872102932640133124
977025006
2743860585
164680008
612422373
3130421673
1621260836
4492805597
55259370
2824407953
3236408297
2192482566
3008504830
162813820
2227465351
1258230283
1163848063
942045529231511552
197996417
287195940
164279649
61046593
296432997
3199651667
920446114372911104
25994503
2975027157
434154290
112170564
63850014
69734618
592737644
721459397642297345
822463376
549408467
790303004868145156
167875827
2322729079
1591524228
354391391
575309063
4127008102
461318013
1777718006
257289810
160190728
3229535153
206538611
176618654
715201489623457793
101537126
1375722132
75731649
2203351843
2632787063
885357788469354497
463968164
502297404
319687076
805401626571898880
52770783
194428896
156356486
125754512
299766828
749014172948627456
920085709310087168
24543243
799512161177452544
269058006
831898788335869952
2980176958
84661124
211880012
708244731
2607322017
1475982288
66120627
1332832716
919824830538633216
1357537712
556575612
3301883536
66881372
3732419595
2537182193
54990832
942540518222901249
759060135763410944
3174478624
3239867393
253134452
810647326297624580
1527912313
321059805
67883361
60787644
2745225418
48131923
79338041
261807405
256713865
359569903
855167058585296896
69681616
1241805481
882389386406625285
2382584562
1961296898
91076138
719935268233605120
294927274
935876102563811330
192046318
1498609974
488811765
158777564
109631661
917013826981244929
474620376
268432262
143873568
720086144315179008
1347874969
70134660
117501505
2750618680
160643746
949643811059355648
53969187
870119914622922752
232736252
1609079756
825169284120862721
908325427739062274
370944086
110926359
193721512
630498292
3383679412
4538287527
305774527
61279404
89676762
918230010
1222552051
271986804
4700940389
710186852272234496
83265237
227876497
951082898546921472
151584335
2877468398
153183306
877934291648380928
856096196514938880
949346041459077120
148457046
377088447
2913537295
266158328
138919671
150094490
955850826823675904
23579657
360310395
626725650
885287143957987328
67081774
64768118
52445615
69285607
2573126744
53749924
1332030889
2815015394
9101862
173856215
63118359
54965298
27702071
2323015655
1532507946
193973118
501607053
859153944853008384
471090694
2999414207
