1428997974
954467480377937921
779055648877281280
936951022118895617
48475861
109233956
620650049
1359729006
828400982396657664
161826061
320925080
473720831
323766721
585855020
55292386
836440117199929348
951301452
2965756581
2935254634
182561268
3625492996
144630561
3295882960
2948494587
90955059
783645318810329088
112578464
90218430
3744425248
274685858
14752477
3743811387
955927582238826498
4827649358
64128446
708503461
53302612
2164788674
480516128
16404987
126658241
595750847
384901069
145456527
47790978
956227877548298241
413177637
823996518466252800
195458943
55040217
739105716
90897488
286727035
51046040
720380677720514561
2435408934
781706387076374528
185339372
949738692981207040
357940470
101255538
154923332
55958912
1534585640
129209814
25954698
3353433945
37226239
42246711
836920478568677377
2945097021
99989513
609836778
204102599
114251846
152014042
4322639783
25610527
57374485
718223429254701056
768612467517845504
2881939144
2935449693
603444903
2826986592
65385817
339818725
952017502539788289
81408821
97926287
729816019892604929
54218647
49935523
70527344
1526013270
3933308321
517996382
882746929746239488
477882845
852929065677975557
56175571
2429080456
928937211827048448
513733280
729966238189883392
741340215378386944
2727793102
851275179145576448
18190265
944904905625604097
420489757
1065839708
458317023
2829980105
142833359
227014761
14794243
947067675762741248
2489889890
50864927
33905879
68446854
813843746
2453812292
33563681
72342672
75921504
2327247595
834587866135195649
52364309
139593881
715698774836903936
4776538997
760123682937274368
762832647349559296
904529030690549765
75898294
123083763
120949200
158026996
2670047111
2458940591
3080752901
782279355745628160
917905830330163202
780221605217759232
834916990837981184
4407427576
458763064
3188166737
81825000
572121169
949082153954037761
1305446390
903312695809728512
2231967508
733268459979673600
817698183568621568
253830656
158578913
380031380
217210633
24080132
180669004
2183696818
593623765
379436034
99332697
266735953
1052479411
263410270
1535269585
42299738
25708285
364619270
832382109641736192
47487189
85316876
130706953
3795940168
52031618
2437579938
80943445
63588670
568566228
73766821
1548540055
3167757969
174426062
218684207
2163601862
2586646436
3014559017
69152836
47670535
855937747604910080
2484693134
322954634
28685589
148474157
248808099
238107323
259828860
950865935816065026
953080590613524481
46812268
229903460
826233318605803522
103668450
905612856581914624
915756312897650688
134070649
843984442452533248
762893539650867200
906291342334189568
309972686
1379482392
50708900
956268798654500864
485877002
477246208
787495407488294912
2811632133
767067203950772230
929873960627515393
1671814346
267136254
204381497
86142083
310643679
1968771350
2677646613
234084422
60129425
613201548
393925343
260003092
779653912563478528
2386746675
129919422
3438724329
224741108
2316361412
329678623
111055179
462332723
1872387283
96007805
3354380445
59210870
3373153996
190644421
301154096
1345491816
328176752
252804420
2979943263
460263352
185483651
69442465
709047583784697857
1661303318
372916807
881603131003555841
44937210
1588934726
156089037
750920930113810432
16876863
173320139
173817113
85963892
46451089
154711897
869791503463395328
343768373
3139036079
829848170624667648
508902558
153502369
274528507
278823191
75347149
42333436
182461601
954452821889478661
134953216
866698138626781184
990661921
2557402077
851177636
51565649
281821820
935937938
827560913700057088
292028084
49888215
3301730738
2568031879
53204701
1626475891
4701772228
852742760595546112
4355319615
735634730
30788641
85916384
899999419558440961
3152044919
38218494
117850750
723990085847363584
123294033
233640696
943141440573538304
803990464676368384
193904307
60676940
35655531
60079613
787809535067033600
177000971
4550717541
295996547
1398653772
1020755562
2216825900
461515713
912096314199908353
2504249608
1473513306
1289469631
223337362
3375101591
1172729005
869643010346283008
1713761478
170426488
2256970182
2866708917
345507444
585939278
814541195976331264
52415292
2650714156
306447403
752482216601673728
230303826
3292996623
52863227
829424101429215232
2928498802
858295099960295424
194136351
2800321885
4689631633
379975791
1873654801
1518004561
425919418
34675670
54054543
918281548125884417
308076687
797187348194848768
33039061
14677167
342679792
250104911
2531679202
2940692560
37414040
2746821695
80352351
851697290280669184
3439485208
457968900
2739091013
342893902
804849425092931584
364344660
2421042684
2741931201
899658870498492421
492189667
51800062
1176780008
53902244
245435381
33954135
235685971
37467514
2360031370
42518106
59835986
734204739919982593
890093578986377216
196327365
3239594506
197224474
139126353
45410501
635455276
235654620
3309573909
390976693
2439206465
71909512
894368250414477312
52973567
534375396
275653046
953992306641776641
2535920501
42049796
524518536
2920520477
18080679
3033270389
48089541
904771102269952000
2226427284
140196212
2768275473
3120663778
3570953957
58379169
4865839630
227854350
745843887420350465
154592088
1973571050
172593439
847410540079063040
55269314
55771196
3716588955
923878355983839232
914602736775303168
561399075
3075956003
4705271481
260523434
3432959230
1520498198
3662572636
936739855907860480
400435944
45557365
154684944
79341589
587668107
834311934
923377372367376384
419689853
50066201
876213487353180160
312641336
1238934781
194645058
1272404605
52548800
81952781
759407947
351281166
252512408
885299053860466690
911970556752404480
272461884
705456683313700864
26158897
602010664
269927052
952642192119648256
809543208413827073
50490619
135256722
2279202090
29395691
2190466083
343044834
712373441417121796
773573059127152642
3428957193
850456295861886977
70869124
131229296
57491003
214701026
2907206265
142718126
2849968732
163220293
2810043837
2876941043
36141659
3520157894
29861309
802298657714372608
2280327106
395006563
208752690
1132397352
859724608219557888
797744291548368896
1571701525
925499588768919552
108597503
193542505
930767449
92852468
845428791350579200
832258256
3775393397
3368673832
2198081336
58378705
133783561
56348185
80874491
81577736
868839991291637761
720584073945726976
4706334556
169082533
52912474
737379221966819329
2354413167
51844128
820704432056844288
821153259775791104
1218725053
160643903
3069933898
2749666433
847855837364334594
920727652989890565
3592699822
2865225633
3049250873
55359439
945771871668142080
737231379251990528
2961138117
2584228210
52406052
26879654
384039439
3785206348
50096283
907581251934179330
907660339193499648
103393523
3010284508
712732013703380992
60909587
2908390828
217748822
2803752921
789300965497266176
509070938
1311990824
62517611
122110444
1669435974
71927237
857021920105172994
2149772444
710177412387106816
281774361
116075606
714149620331462656
27679393
15415753
35755287
58971240
2467841128
75760126
395528378
285194365
574536371
52379202
781592534392987648
26224910
1608489145
4572668141
772274961675350016
844660393033322498
2399620655
1224355981
502005755
60445188
325652694
748593804324773888
830834235523158016
1554721748
15357211
3204357622
739485027940044800
28229966
345212812
925853022936281088
48046155
2612197827
2553888183
173997869
240513733
1391067283
860133570777624576
56431479
46809720
407353293
263420231
89961181
854023387097780224
1285646845
3691204695
217252175
2551481553
72694672
853717677105442816
255538464
586857535
802109294405619714
931302733314961408
49807676
834032272663859200
290064287
229884092
96025958
3329718377
84579114
195765810
497307837
3248766491
866711585548644352
2782549708
309924571
249694596
27730007
41668827
942393264325439489
90692221
199746803
854644662505803776
98619590
4729785873
127877042
93006045
943053635881193472
120214418
295790645
363679333
2990922514
278809158
808875638190915584
893655787431743488
176864769
723147737731076096
176885259
3412460409
4092846676
634120860
394335434
899029247276220425
918161354263007232
41872745
873305677971816449
1633866349
966351738
85174938
110454744
177998246
59218057
907341102260346880
785064546281070592
749456747866234880
1129667162
87348345
61483199
588026457
286344165
2531224064
360153362
839915108818116610
30021755
830919730936549377
1723537194
133368173
344276747
955212008919625730
403724347
2820915611
718246826
563303052
382261316
3529212136
4825456072
28994137
912898270069972992
725031084921085953
85295036
886779999646339077
128730568
2361704122
1053960368
841458351389233153
63530218
90183598
854804359879766017
152634913
28578157
3343334141
195220666
927356275008135168
711221649551527937
894190886833336321
381734499
633390582
2567945621
340561117
2276793716
247468404
197938170
145807410
3621454935
66205927
890062191877115905
294886946
467772187
1618179804
71464354
838374862624272384
866934979
219495191
388896194
125733329
250397111
1268169524
915947790756442112
185042167
53086248
96368619
3309767002
1184262696
1629576702
484190946
2954041171
3147898258
1525313114
943750830
584193048
2263275950
1257973861
726971903315832836
2950350622
2850756633
4912063709
3708161777
109016196
58551617
3030888600
159106999
163897260
4556923517
136679183
942913716819058694
58940841
899259179348762624
2796724336
230165267
75354276
3072139967
447956251
3127753853
131961998
245617435
243326399
2882906373
33507966
3246727601
757000198497439744
1628006497
48000252
1538690538
2837771847
2742104771
1626114314
57708206
150889078
168809716
200598044
326946975
293682949
219852617
116240118
36760339
731642954352365568
915233915090108416
169725807
109153227
831947702342713354
219739064
4759699215
3336972946
906738470
389709222
837792786
4637982441
2474572016
39327206
240494275
26884896
843273174087352321
956274142340403200
3789661037
850785651628933124
249273948
820290887326396416
28342530
145392988
261464823
295243663
368067319
529523539
953792068937244672
16874618
2747258610
75158088
707288368820916224
949383680484691968
4826564618
2875857562
809535040686354432
310438311
229187603
2348918549
808040370420543488
121580510
129403168
3110809229
2834270781
169226499
18963593
2388558220
852653055476629504
150018263
2434479096
129901004
188863514
273718866
87784183
805835982
943633504084033542
802637067146694660
904224563906662400
819246389116936192
243911290
341653417
770738084417773568
479233079
913270853512712194
220323918
2860523680
48150648
146184375
2726602666
815048532201771009
259515402
905167400328364033
26218417
64035620
127283945
562452568
1130192869
2163783029
181631062
809796666190659584
490675452
338992110
164941516
177799660
4484845457
84140470
918901770931331074
920684713383165953
75600293
22013738
2554645534
814254159352438784
2694558488
3302550807
947556192036978689
39644691
2904396600
17341716
721617835349381120
224109626
337362273
3335216183
72143280
1979148698
870851803558051840
905798017386766336
133473525
787722918759374848
304134850
3029196743
57813371
85593987
486988339
61066380
200332715
115687738
43539049
14252397
555383016
4914819975
723696709436579840
821558773
1647851604
433804301
613515471
4330646799
329274503
39088159
331776528
49368060
61811445
2244050788
930620977054089216
943595295430139911
731122414428557312
2964614103
129383580
95532665
747100690355478528
769704731329564672
290323769
765966623081660416
100537516
162163133
944502189535490049
17474481
892045436055322625
73194105
2539528529
15965495
357097234
820329512747540480
2875724355
2236184727
4239530842
359448848
4274637503
730099598488948736
345110370
111587338
2565965203
3092768500
603799070
637164498
2295168060
60977769
2566275874
806165951561482240
844353181480108033
4901962811
709821014331551745
378294717
2451107453
939159526221275136
74605081
2993053666
371496468
843204519932715009
342517222
705874458876186625
787280839109402624
233659614
197599151
2883067323
4208998467
163935901
155625715
214252486
1245913826
147349751
4211662528
722250080024178690
277589926
1374690901
2358737020
231270225
843107169541246976
939516853931659264
189244094
3066037595
210472524
703620862109425664
39066132
193705186
2181258223
2502549826
38572792
349187918
866061218150305792
18685358
2153747690
796348045780811776
3283774255
18956627
223613422
917645397186744320
817672602391027712
104543463
58347150
750144200029704193
70246488
129951373
312862189
220416677
48792934
178490026
59499526
3341976723
364543687
3254569263
2890250412
3239642085
392229271
2897877826
2342247942
953703759829401601
789190924173664257
2979210753
55207359
994598238
237046788
238350776
1449932976
43813168
53253656
3048924172
4369675696
518689844
3435920373
2469781496
70475365
929097406507036672
899284389921738752
276767103
4012294648
3215201505
838600777
3378004534
3401736287
714950307789320192
52490830
910184529343795201
2876227219
92246351
216925725
832568947673333760
242774078
386886956
4802647035
67478213
608190308
3662137997
2587083980
112028021
925807068631662593
1283973152
112732130
722251412
3658712775
260486472
39940338
2843111739
1280955486
186041569
2154760794
185866945
16726489
35141218
228577853
74148491
122449640
265501099
4145610435
53469113
353936060
790195166208458753
917208508860207105
2992649441
37229237
3003018478
885228067685367808
381286275
53775880
155674026
874792930460016641
417989319
69408502
19021873
496146189
55028263
942122953235468288
1142492984
91138953
2614608337
2207478606
87269938
2258125597
952737593367695361
47011988
52387489
895024854583345152
819951451
71847221
131514671
735924051055681536
115517005
2149134356
2607560546
2828881577
498410570
73277071
55822954
1646449488
3409520199
46073681
863512571017560066
41138557
71115912
478976517
911636703672242176
2781563384
296275804
724005330334695424
134875464
22099605
990053851
2464988505
365780957
899760914253131777
802149917317861377
1575949711
412755498
2271834116
824660778267598848
343111222
3085389878
943919741219098624
609497486
105787381
591979315
179393698
333416310
107560691
843052508918562816
306405876
92362406
160598802
758695354749612032
716752235166834688
220504707
210661949
362890373
2738187983
69448330
76515271
37371074
131756203
830836403177189376
23713707
1598948089
789891726768865280
2442900247
16872336
833670609959804928
499253473
133413241
324907911
44098103
225550916
53578371
886710556186603520
2620370507
743860073617825793
2771245676
232403262
23982468
1918602127
3048891053
1216599770
879190202979414017
711738444662312960
16713081
1570534500
54190869
873742163015852033
198954171
27079348
36268376
4264776255
757762624574656512
888898890518364160
1598805552
796937977
3328256033
890038901926244352
422587718
936165317553938432
926080343777607681
335538237
2215085171
44876359
26544653
846886543818194945
708099366163226624
3286338832
119295989
928343498
211196025
926605162105507842
907636377566793733
3763313416
767187466793127936
83905696
743919035524464641
583101433
399643972
88809419
2470439835
484390309
2816048154
2305528058
745397716394610688
56007762
1624125337
2890912313
740947061751844864
54209603
3413574527
277310289
73540679
302704954
801451566020562944
563094648
893633007965351937
171281454
914251563727818752
2344188157
2843894693
261362216
156424623
2843858249
619321913
785611974
266231426
92654409
1185912751
3376348275
73776357
2533053796
724629452316094464
69995452
325870789
257011156
272709745
775645748876705792
911513869742411777
732424289769529344
330633183
756403834969329664
50387310
2281110529
2636298093
53758824
38422269
211295496
913827395249086464
38671976
393748758
733395224467116032
133938717
44258331
1114117908
177654213
3131287300
2411840780
801489836
127301428
1849687693
838035972952567809
451750996
259480030
2712692609
237896750
104361436
141330747
718915180340649984
2901250377
50672692
2347838744
1643750532
95715624
3246558291
4859199261
1912143296
161277996
234758231
46248401
62820573
728564742747521024
772447496886972416
4687374032
39073332
1899118844
768444336883240960
187346976
160675742
38373374
145239926
717732435644006401
26230407
258529919
858741367136288768
826556457810268161
2996034431
722220249773432832
33571937
128345923
3335975512
917569655006474246
722958837288828928
2480836789
3109127417
917025974281175040
1618927693
384378426
2149754700
520634041
68762334
2377137219
163452828
2950938737
718272972851646464
384546792
862475554431356928
188910489
821184925944676353
3192634665
1336578596
774320841454682113
2614299728
2252476160
787660848621912064
1169625086
3836525608
519883883
2658259637
33957501
437646833
3409231253
3379697663
61502217
327716883
1932485498
162502867
1422244910
256777015
2702507592
33756017
302854207
92868205
197290978
36401782
3077007865
316100750
115780970
2415828224
2754770864
800576064825085952
446966708
720808012227723264
3347301916
201853983
416505682
544472969
287953067
89206522
3044770409
751889081135689728
2504521430
172871556
295437501
4896287242
100045142
267450919
14573896
54246898
2481603358
847874498
127659901
52070434
51630821
447121908
63788650
125518705
259924656
16283876
818426996917227522
1570543045
1323012133
3592661849
2504889857
32523674
196773129
859808305140690945
2662081050
799288923839205376
2915636074
2986890586
721681222691393537
1110208027
42927082
541066709
388254283
2365699398
38160791
730913142021234688
747630908749012993
178069356
53347469
45339455
2711498440
2708574394
305296067
106799868
1275661650
81710359
262938069
223318207
98786972
58246122
186155329
137910603
3013518469
3413710533
721498336637886465
113208604
2306446488
812614415174565888
340771083
848379807977148420
51308553
401553884
950418158871031808
3409413815
465825516
43632443
2750584459
66146040
882616179331878912
2474883125
23619082
2203351764
68747936
2575310246
280688753
127305155
19155430
832924746610274306
2884997445
2335994724
3392398271
891149504380112896
2906645879
822639635717390337
2901698434
16907384
56355802
34105067
314208089
705382372179578880
824662715184582657
1016435664
866703515888046081
831725940531146752
759076409063182336
1668823004
136360864
261458406
52064772
1689783702
3399212164
703291858
259275053
507715353
3185036313
37339267
64708526
201291337
944961802739290112
52416613
953109159590924288
755223292244615172
45884510
2479092033
4483378769
348805223
2602736869
24972070
593892414
2596678220
44798708
750311414
51870882
728289008975896576
704817349195657216
787169540
917477727019716608
271084509
2984920854
195577917
590657052
134870156
327571129
339745934
118185623
395331526
3577017087
790957482491478016
4241194221
4819321222
77767107
3471910895
827435941627310081
439654905
793058314632499200
414813596
936506119643639808
3912557056
2999582918
55470634
14669109
50901050
418343995
496651593
3017962953
328772739
142394571
479742960
2364602293
164291244
82989075
4139315896
56944232
2848594637
787048912687403009
124585913
53275992
3187698855
796851104227196928
309277407
296516462
2269984673
3000800969
3433184111
240877701
142402320
89780742
819066881239719936
3391248071
482331563
150131561
2448465513
34707168
829528470527045633
67366745
62449638
45574204
212254136
932097641923710976
4897607475
2422203463
1861356734
94990422
826086085222682624
705768626243162112
720039424076161024
3905343561
4389610463
938868477141639169
822514722583052289
57510079
922614839574519808
923905837642510338
119835475
22407236
131211142
173487908
2467302827
272643601
947984990687711234
723582694857256960
4602948340
478107473
48706334
17032762
83883412
393309814
2194840093
2478540829
1157035856
49412429
43948732
196742232
804043303507361792
220742365
29142419
53716625
422175770
827903724777504768
3554289975
2778817262
58658431
136835534
75012431
2722167879
892864747246415872
858825007195201536
196280157
39555872
2450020246
956251641585590272
334376219
75910566
419073227
894815446838509571
285941178
350242543
57852589
3376940944
100634878
2345972041
331017066
3354228375
305200613
2338472126
4106688208
1372920818
932677284502360065
886384138642743296
2462725642
86498960
884859274442178564
2156858102
363167257
4497593338
2290006299
38872563
567287640
221185593
2981758851
3092068553
878251351611977728
48762891
51612351
2330861726
61855647
36420245
68886503
2923527177
2750493741
167949039
2786513141
909830295884587008
916011457506086912
98524793
399755919
523835470
2543108818
266861485
48526385
2974942933
17475681
90739439
2282573796
2274466134
874250204
2717432539
628908509
56722975
930285706827755520
3438754535
978872352
265350311
496916159
321045396
48520978
617516025
2999530600
52774646
3981703534
976293014
870602433445212161
776197886551822336
268859460
2800172895
2924289206
100099494
933731711816470528
91989624
447242115
838771372872564737
755864399848546304
3296103108
357647867
2228323773
707687910565388289
61780767
149167771
932666267080843265
2281298070
799254643670978560
35905993
944693314191855617
55989071
776858772841046016
3373958909
482529958
511041808
21663897
59589417
3290584239
3398039926
2607256217
712783677911117825
165988364
54489049
95899675
391714169
870358718
176859552
2783679525
397312095
829010345888980993
2664148405
123097761
853390872582529024
338833827
141466002
190368678
840307668174663681
766034887832928256
65062870
836054913583050754
2687018782
3976436963
2649830196
772611782707908608
2886856313
48404506
54170718
33404661
222119426
381660275
38645813
2831584084
776155187387985921
2331016677
806663513448005640
67506848
169652276
1527684900
3149529081
2911277351
2152545980
159659184
110472441
875796212561190914
2454024648
2976190647
53549852
92780914
53755264
3080765459
33816070
13471382
1377408002
220813528
51367309
2338356459
95221678
592323220
129500171
711321025871486977
506550138
2208135503
115664290
53227953
237858950
1370980520
17367394
941702810130886662
36965101
149102598
927629954577326081
61210922
115540408
921205939436425216
2223402358
27741291
547742598
743620469778165760
55291962
567794223
333749967
884852103868493824
721346859185348608
156989531
191811356
57394635
862106745895870465
1424714929
49807229
887380957191426049
62036735
2942791912
846083814929711107
163135278
334893906
3008810344
38014381
2776418595
922628947485093888
190050260
33495161
97497720
141427067
73461039
800138606417326080
8576502
67487546
438332837
419766418
709462195
3218870627
244685321
755876743022600193
223227088
273044096
2891411351
45389569
55986398
378371294
104916595
115211835
724504274
179356588
970130329
177353360
1523545765
1325937811
736843069
312996318
2669741340
244734329
809211878618578944
3839672422
203720026
919669412298452992
4605545897
65223177
2900687548
708302037168070656
161478607
702097133294456832
37971260
920204568734195712
85377494
33712977
1431723990
1055611099
2497491764
182210167
864314504913580032
4643145497
1250223486
303964602
1228080565
773321436933058560
844693076195115008
469430366
797239386802884608
909618037090856960
169225051
956219503930740738
175076002
57682476
61046049
934823729749811201
2881288869
968889060
814292613188685825
179897596
26663913
894727472230670336
59903360
3734039116
981549600
266837588
918193426398699521
4091421083
918610298344534017
488520685
306778809
557626454
3037284419
89553741
897148968450359296
63348150
139873062
750336533459247104
724783426876899328
49631017
951590697014001665
58086992
625179400
875176184287461378
3092232629
955930072611000320
2269752038
193900428
58109497
938086081936986113
2916456381
3304854857
41565937
890297507980480512
3131350169
156420488
40384669
811695622357131264
355972644
900514095862095873
70753374
79828628
524052645
28222673
198260492
1961431344
232334928
724306089760661504
916394112869388288
1978667168
454061147
59771262
151458675
192711022
1304752723
2154499224
452978935
873585710208618496
2436150372
2809352765
48218911
285702623
2598797777
565544881
104148616
185201314
238589894
859575832943185921
943094216443465732
345574834
955740865460400128
2286787444
100831573
308820798
41901250
150745644
1148892732
142799766
930549603929337857
605606154
3234366029
57017624
2803396701
59841860
314242630
922987678978756609
2869735953
61191004
816714203293749248
187760476
3045124835
777812589728456704
3353683491
2830857844
876841410095308800
228895907
253713018
2458014115
864593043768451073
790169103294205952
889995387095928832
3131877717
46036120
85882487
237531918
956239354283876355
2190701106
48612147
717426891
945972402764251136
38936096
63852380
1451340224
33214374
2772897875
1382049384
711454465681924096
932720685176246273
194413940
911513143372861440
591268828
869702500257075201
917928084535480320
276050857
756597968002834432
265730085
889232599373283328
878984828691107841
204494751
2866190400
293051989
275785667
303383016
43476953
73374408
324401780
94534701
2780766058
520591767
378171700
84925552
3352993617
803606348571283456
753292585834254336
15280766
72092115
1191795205
270061828
488617216
60604942
38942132
147745858
39423041
53244630
857477200655917056
174046429
4836657879
946316665448488965
155262844
2880932962
911653387351060481
213001994
251346626
148430516
413968059
2455384163
206456514
4357049597
39539834
9423932
57529369
407185116
83628899
272585729
883501623703736320
3366769167
809764004595957764
2162983615
894625258904399872
60102362
75698464
723426469
212886228
123062448
75602435
917449901319049216
540189557
920453420540145665
135025630
883486510233907201
2367999100
68480111
866020391541714944
103426442
1334253602
33715817
796918229759381505
1406382151
198580689
342047710
795579841831718913
1289086200
70194732
703378720296460288
1628576108
498338270
390413360
3719512157
2752226806
38299909
770756545294598144
303795484
709760265915654144
733909765340942337
334220620
88079466
1587331309
1143877644
143296945
203361939
281351848
818252244386775040
2958725283
822212309238120448
715561188244000770
624947388
28325446
53031083
2331261494
4779127833
97602940
887634069588238337
836225003410583552
897546934759682048
2651404654
590671635
46006531
226542404
34325730
901948964
275566322
719816993
873917553097179136
778982292433797121
898983849602015235
36362850
52532597
876488790
539907361
2683971261
777490316043640833
19268911
133462054
27796199
213075388
868048543659024385
60186708
353287866
860543545979138048
305805858
4867100343
2347926035
794935284
57110967
2215532968
263157171
3947533047
342757536
2212587631
888395937244172288
311672375
915641146034057216
276951384
481058704
753733706540584960
64289516
290573873
2741238362
60962193
1680796838
3817196481
1080817741
162544364
49342336
2291390773
55539706
2393699237
68861002
911572290952888320
257209181
842464866
33435237
913906254699012096
2255719925
744989069604716544
569225068
1037401650
54230274
720323832
246038035
1336638744
399399930
210831263
2477065406
2215983663
850298996832821248
828280172566761472
344456602
867494036575268864
855220075128918016
706842606634999812
2721723233
46732528
750687993942384641
343347802
710239707989463040
910133327574781953
742067616110551040
887684908419874818
4099406907
829505478124240896
286849406
789864871559045120
4307654596
825958952
715103937272086528
163878873
2613032362
275241130
568677856
1315182469
2348510736
4367826917
950827497561690112
264117014
2313722023
33484078
475306640
52031026
3389515959
139224451
230264307
4750483413
4363814182
3700621997
33372382
62067729
857459535266684928
33491581
813193647734882309
2550355971
519457514
2753663002
195405563
619185040
3398902755
787440045477199872
51914304
4603485693
1020417709
51514554
47323932
956181846504730625
956247701049487360
782746117863772160
116251224
17364551
100747016
34237029
1480835924
3221768495
750900400983769088
68051999
342784082
173851898
4854234490
3307650761
170694477
27955535
171483132
69291540
32151917
786022605555982337
461423495
78622032
574962631
51761051
50492440
89311291
17261342
3158176122
2860861229
261912695
484249177
229668885
38238136
1131834344
904090365879349248
275739692
800384674455355394
3307508578
196829993
120543419
96638995
118723470
67495697
303807341
142341327
704341330311438337
63168109
110559690
149487949
1533937063
396919331
2719236629
885954626465476608
122146898
58912895
802543408237727744
850849999
950823786
86219123
80740743
420567728
2344254678
3334012875
884814060356857857
366264132
902104854
39418071
236868849
377117775
44001219
199830158
234808356
52088416
3161058639
66220255
52576662
2994310996
71410621
595054327
865091131
173472420
51122611
3434278271
17833805
2739822300
88993519
50827276
741362284828741632
1488745447
53421042
192785990
143241808
454115471
786609913548144640
166839449
1671657866
3132773623
23824916
74044707
233192094
45739338
365004651
67688092
71354188
144893315
49171512
713396826431492096
2751054320
1565568212
3171173343
884227696397619201
1600969712
2677368270
2598050635
857003969264185344
177810722
105638826
400837199
401556132
1066809984
2569568695
374094915
190466863
2358536397
305573096
861939164408930306
3090268485
92015251
232695523
93728981
774820925493637120
2513930431
265591291
4057211595
3464278829
2892873053
172512375
934529216657461248
199075804
74780902
131557676
34169522
414314383
613849544
935446002
874114043061161986
114505927
105292180
62289645
775799850814234625
217944230
346204440
771035442141597696
180958997
84616041
799197195958386689
808343599255535616
2448238118
956198566028107776
90164502
461609629
135037143
185059107
580338130
3254582956
28204002
309648633
62703479
41873421
195994916
156344201
167167547
2994664913
3672418935
2878167442
3224890847
317072620
69153694
827350368266895361
719994222213009408
4202225063
47407868
80471847
2184588386
2997937577
262727520
628676162
33391399
812087241468215296
54393638
735723034347069440
1260536281
3343060167
142775595
73453358
2158006172
926127023977914368
2864461660
133739630
221559458
937894211239731207
2625746237
366900530
1083382944
55264793
472981678
3105108615
311428514
2497204400
58845839
195099593
3037302190
3942491121
58614510
205370569
71626430
166391799
4871935533
51748275
14350964
845966119
222814502
2861005863
535960219
323539247
62355746
2174402707
124877390
70714318
94217787
68776394
163319998
553932336
211707946
2765240285
4874002421
2436360744
105200182
3363174154
2779738194
87810812
882311846
50159453
2749511311
213863998
3082121914
211991111
717524596912693249
2843003962
586670822
95949366
52199646
18819701
898516963
16998087
2511634305
2568373333
873601783863685120
738873823
194602612
59483064
57413799
805898653881737216
74044964
889871123013406720
3182984963
815744023222775808
91599195
413974802
543781232
1205768317
67175223
44643923
890968996203433985
223484852
2531851415
170145566
712060507533012993
172566940
2460276247
473029425
33800204
3369846797
118372205
2207903506
2322937909
2173069039
2341088888
27660599
865339814
136344327
2776779774
732325482939748353
94851626
60362450
436249923
2336967834
2236855003
144839504
366054205
266829985
61922902
783353013570273280
41650435
65182451
706146349641830400
73912081
2456740879
917362182601535489
129294592
42257513
4019216549
956449286
2922046192
59306188
2904230037
207103824
379128869
189701514
2293065512
163090114
154124818
58777955
38738995
50219199
364278106
2389711955
4101060616
26149150
104908811
2981476521
31924478
946548413386158080
71711349
146435955
1506886340
706260793
56171932
366197755
3196378109
35206168
707700845706616832
2211031987
1967191002
2602376817
62151289
17503188
192992008
54082915
62290164
107129803
3178451639
62900055
897730329003397121
32931395
773588431423279104
900181399625400327
1349175188
20532658
380849269
2515912359
915931626
64747926
2250558999
61206552
67375519
829878491302735872
127741505
813669216612208640
36012937
324443326
263753958
37819403
345111775
799500408771190784
188929983
138890279
602714906
177635502
187963464
307636961
568272583
320916324
4888763464
4216140293
68147637
50488137
432984757
740572328988430336
727148654570643456
441217669
748867245980385280
3297429040
192794060
2831006182
738364235575627776
2784479297
822666943
236862874
81250091
2317361275
2583917882
862239456
854514435674845184
92024087
4756028956
2515990576
41570977
49797791
895907023245672449
170101647
129331839
190323948
56418373
55296985
1542334123
3825790529
123349548
730787095275540481
298786790
806078861897322497
3078197890
531938468
61104205
858509498520154112
311066741
56515506
158794754
395686851
19296223
140484025
94863172
824335233545801731
745655005772943360
114029207
2877488649
230722051
225903262
791025240038047744
2848811770
17834583
159559313
248429976
113396012
34451879
29204494
185212162
1132315878
125378063
62529283
809733283860856832
286010362
35324646
884876929253429249
3587523142
80932776
23356341
2869551238
188966358
933939259068862464
28378352
1601836363
114850013
40464629
723355513396690944
39790704
4204027359
3629031915
827617285166739456
70769227
112078300
153227900
3381862865
42334518
2457424330
157839500
227280535
174239236
850344838721613825
754671229974482944
17350997
22635670
57354671
2645509481
28668598
3135400683
1104634872
26000423
56878649
2745827622
835292936543825920
2687912969
306885784
64081524
3127687596
212412254
235530741
275760101
863402065871196161
82014336
156838910
2525216572
1674517904
2186510680
2660182980
170862754
881328254581342208
32511442
2843999351
82200322
282532497
841794010763149313
803007122455822337
628434363
69836265
2189222846
137371896
184040825
916421467755241473
164450597
37116813
3839052747
2809284843
165971932
763505815894581248
314011384
83987786
2850733816
284285420
938002195
137854019
2203954370
1183624166
67167127
452378074
84657561
124579306
52577342
26332989
116276665
253067553
26760597
293292550
91899715
2546565817
700788642328006658
929487342980812800
42872554
159488767
306374173
278773057
196317206
32739773
58316351
2962325092
324435809
80983157
84499655
29573857
24925579
257619596
932663439234863104
1421973835
62055473
1119983942
2745049702
894581952791138306
64470721
4774711221
825816416012075009
76215195
54271887
2253144393
64738438
178310396
40390066
63751974
246463894
290556303
1287392210
268552696
35383137
192645316
267850451
98260057
810215883255717889
1529551249
289951133
764664919
1441816464
33759939
287438110
84938843
20984592
194354527
378011637
198359444
566835323
37983889
245909273
51198381
234948461
210248496
831084992
272472558
3958687282
811543224783437826
49479376
109372126
39126865
792933149865021441
881929385263198208
69134992
2229303500
78126545
194723138
297164677
144311272
801417295897755648
35549513
932763788746612736
2902707081
3252372617
222233746
917751362280218624
36162619
274973095
35835746
355804589
2858010947
44454387
35336451
3766145541
179358045
7440292
65473258
2284378856
510125145
4098643683
3883065591
1037651850
3015404571
56454721
247106824
160723313
67711235
2747001454
237019028
842729595849916417
726118930859851778
321099143
49951701
69712265
2980155713
101252050
3226496056
132336064
2644956844
27684266
3068692035
2827477935
64041431
177689343
58867408
2342156971
189549639
26679830
1533963097
4557443116
250841773
167424265
191799587
551579007
822803071218630657
1430567257
399949776
120980924
171493657
26505047
77530408
