89115541
867193314
3359467833
804084010909630464
923355324383485954
240809427
197320825
4202173121
2927135901
1223154906
153195893
847905217354092544
2471680740
904156471
1530651864
4251597346
1557056743
844199647514124292
582203069
274119211
987345552
717104516953411585
3385828318
917945914802745345
3310571865
202133880
2837373958
871845759527923712
3416351249
2557898970
3507908477
250684636
4516239382
1625526020
3128732737
165120907
160752845
886718206186016768
201693251
880232614996709376
4776167069
558650243
2624356467
4486080268
4187978961
203871179
880401192324562944
3749931496
924692650372075521
752240579560534016
899829560438648833
4528393457
187538606
939558990064902145
869286115
557139629
2577784509
208995909
2510925775
164812770
4534234096
240418618
486083556
363074665
811608886063091712
1281069709
837462386105860102
208688489
362579636
238221519
217681102
706585919353200642
1927394581
214363824
950656216518283264
4217940664
154675928
150503387
388623466
943798730276442112
869559327249625088
822575361590460416
836644513
2177471908
154237680
398416255
185032089
2729979705
889104329747070976
210093732
2198533061
714613180673224705
755035461538709504
118171899
919030453532729344
732717476073639937
820404689313427457
550467530
2736098224
77420630
177764668
4433293101
3012083511
319427052
941884190282387456
185707814
254316467
934771562405941248
256622509
615737578
770317020160196608
151925423
1614343844
808092704701906945
367605713
798318572296663040
2717524844
724762789743566848
3016564483
137144138
287310420
925516383651356673
3230145635
776279678831173632
323937987
883460817559093250
143979120
3068163847
791842760529764353
2916262564
787065575671488512
494481231
931864337924395008
760269709854052354
1535541241
987784782
425084557
2424397513
884211546422996994
2765706388
307458557
4774247901
280579209
4907706191
825537000
4270874422
2603721523
704104996250505216
927338006964572161
186937823
2723740299
260709741
828140486082838528
989979932
4342240341
2940224644
877565666466910210
918284519391756289
888037634890768386
141795397
127874171
1611495738
4864410285
3901161219
325690637
4498410291
167211653
474231497
846867758486863872
589346875
139584761
1498952340
812161620545851392
739311451
935961157722099714
147342808
951559420835778560
3099190497
1327311937
4877285387
485634811
897272623700246531
908939228
1250184524
179783379
706701170690154496
2891423547
852907084136026113
4759484303
2397189652
4342283537
84488836
171671843
894975363255873536
886061418709225473
842842621605302273
169510044
2570831791
1477483549
2446331327
2168494561
2865799931
2805934223
1498975142
210947127
81302687
804375514760810496
802557447852396544
340941762
3226055945
914496671840702464
819336076972228609
2862638337
3298668085
564968648
3166741169
2472834668
3323576145
2371183357
4010899792
4303626502
767205584022147072
1488280027
390541719
2794286952
170898709
191175498
901960652775985152
409703697
1458246122
703788898347048961
360379290
4808551714
4610046136
794824418
217489704
2375026058
364304602
829387147983646720
499101287
170827293
740308175535116292
1258140408
1431189150
4710965062
438544296
923293047990968320
4043257095
3311072896
213342429
2733490341
2724026735
2500762786
722646671662923776
3402023547
4318644994
1861845169
1723003434
178558693
3063523700
755723461
827351401449799686
3972213801
483584314
4438133241
1688981280
724773661
2821756601
3623938043
2968916219
1525713744
2422349313
392449722
987807842
709911025081065476
548821505
195846630
150647694
1458050774
456184752
237504868
885256376343244800
1056432584
777578359161225216
4635610600
2595739767
1326592746
1038802680
703686814452879361
714255642291265536
3077578797
925875715375091715
187738320
4195171642
2368551963
2336865151
778388845989597185
922875202115121152
899326212916596739
205721520
2320932331
163729899
4703770231
839244108040372226
2168783529
849696700595875841
4546139842
616617576
2261953908
129197353
2154431417
141425893
776424297632002048
861126404267806720
1747333177
901285877200171009
891494879368544256
372796630
925460900957622273
1626598442
897437167487680513
860459995678289922
2327817091
1340710190
796304501028356096
776957220751806464
4601569703
200278023
143955396
215095522
120392199
760283410900328448
941069487868129281
190107683
236153319
576677575
212319838
2990456067
1277999094
903382742498500608
185675740
122063921
850717135378710528
2752951375
207824592
2350956690
823565129711284224
894703082667474945
792309182
833907972
2857667871
189301509
219438468
2936992948
1648996830
21316101
305029444
4630503857
149304504
921970310072750080
3152635313
322974571
838215425284587521
429353133
2861715868
886355599692267520
193154088
209709010
186900540
867223140
3141887583
4229414594
223571003
882268723091996673
965766176
4190928712
740659323991396352
176967475
2831936617
4846560347
888746710670946304
167996408
766642477
1426707871
4143350903
834408480995942400
189931443
59787383
933102311462797312
2834926876
291771744
4869498521
4065011963
456641366
896538651961819137
1104174098
300652328
195873510
310836235
1112492869
29058159
859550269096558593
753729042680012800
2761256412
716282224
2838925913
132288508
383948382
845028124404436992
130916621
160067902
4429581449
3665392107
127567014
2533109552
1315476529
2863205408
165920669
143600737
74872455
145868910
164527674
4664202801
3000069317
2395547340
177054088
145856199
208857191
4465245203
173635137
877884232722501632
211126306
708648859581476864
2848334848
159314702
4700465902
3143300480
868103332765851649
821838762430840834
4613601209
305416366
186685625
151529438
619432463
1631463900
744705330538516480
4314442757
257619002
4891863303
4084962083
205863451
853950045724520449
208577217
2784060971
745746892118700032
713084497609297920
783032767
703378355
233571003
173916402
328687226
3161929384
2191226552
748645637097459716
4737422181
850245900249124866
3309580611
3002855571
743221237783105536
2821284635
953422794951360512
1469391320
196435835
2155518462
727274856
2345829649
844727818542034944
907602732906946561
2162459267
781849538931879940
4789616601
157764767
745019695074533376
4747304488
4094153667
2837738950
138091807
1056240338
4577974415
2432170855
2317821745
2647642207
875337644326223873
3339556085
4443230782
1274885030
208234227
117778324
3343600762
165136131
249244134
1286607618
932306008860495873
3426053313
1212901368
188400119
2337452678
558803330
945511763432353792
419968309
204815058
4591129641
194164224
344055701
162244472
164542752
158517384
911698673272262657
2411324736
2354256511
706122907
130518838
733765978279010304
4293057442
182175555
3165161980
264267085
3004645121
4551154859
2749700257
145779595
194421006
953615537107537921
1355655282
2150828912
4190190903
3232133981
171558667
1064637468
157109181
620250582
1455499927
4220156140
2588666262
2228357684
942424127020859393
122117808
833382608281141248
921059282300362752
300834593
451153298
2188580918
891526190951010306
757999769746808832
4483089135
130737724
276517334
433103947
1214343493
1707341370
842375662182764546
785641612734967808
134966512
2389523599
882378765237714944
4867693095
930274754
2205950088
2729201739
1849630824
308785603
954328143002787840
157709147
303487087
69644759
731570784645304320
4822831642
4197638374
912529760
348213542
94808628
180529208
147729745
4196448585
391058186
714254354241421312
92590985
150421647
976971481
3024514187
502239656
187234192
157523545
51630292
2431317414
292402630
744703980719190016
186593162
169173026
3056596965
898590640677801985
3930961283
3028160737
905566472524754944
535793798
150264310
621221876
4863705899
908685822282665985
925548037233172481
27437800
244699025
826790347263078402
180454279
715672847646113792
2551924409
954038529331474432
331131935
4903209735
163082855
933196416
740267968790155264
3004541014
545531261
902884315058634753
920620404552724481
448499584
261550294
934949800805625859
514754855
631404373
3399281115
497134699
2775975418
263127908
846087693050269700
197291550
173161966
841817816688951296
145628733
213512314
2801824545
268319976
4083267719
837008765442539523
156806059
711542738160914432
718480297
3395810067
4561458511
1424382415
714449476069535744
2432495958
3065833408
4255305209
3452666176
761709382036062209
1137908365
2640392484
4028158234
730808924052414464
567293673
176304327
854639998766919681
875491234084786176
2430722358
1385632718
186584578
1101532662
453577200
146604016
4839826433
125397551
743594550376210432
370256146
517820139
203369028
817921421112393728
4729318888
833426540486651904
741786302207696896
874405499449618433
892159520524382209
902198249184006144
3192148841
195769785
266272616
2940976978
248244937
1528822513
895354771812622336
886274510944645120
143188649
1155521388
795239851268390912
879118488790605826
333236636
794289604073521152
149686901
289105597
951979845818470400
208570040
949680177277173761
4571197660
885945632342585346
1202359466
512743292
4787286977
716704107642425344
749125862667280384
