884822135465811968
782710219088531457
4915964247
773140803707437056
909865450661715969
898224707140562944
869760690202046464
2711513740
911671917001756673
834348432
199670434
778382719126532096
4867231768
795979996082872320
3407603871
780948217441771520
4106518804
3882543459
721150677397958657
2868174243
863180709330128896
181239665
132259636
770310984
3739623021
3462255983
783446614824390657
386824026
753621237633605632
4046541016
3493811955
923138160791519232
4616773457
809887076628000768
3012289270
917529128194232320
817499206034264066
2787124653
849020130059321344
2878822020
822862570986098690
100661298
784912801395535872
429089446
769645821163872256
2276358156
2356752864
822976519278620672
888787324607356929
2455702565
784134996764262400
2883383124
2756829773
4834391447
1040774606
3361567276
2966902162
891813604139388930
242098848
565662149
1143205543
761620397888602113
172084927
1708736509
478211554
2400134694
713147055624044546
172112371
762809425816092672
135347580
2750604328
1726353146
2889626615
2369041974
862565065576378368
1359793904
933685396650721281
797501342587777024
1957704949
2835627962
3331827279
4003132648
901040820924624897
1194318282
4649319143
913834043388628993
128364169
526587719
347354908
2869315798
843633481603342336
82180347
879803709152256003
447168497
2684644312
827885067418685441
3219509349
708321845339029507
898215019929903104
818802036556918786
830269214514614274
920414941303230464
3157853746
704477935
407213322
2707194907
1691484374
148046546
817339981140291585
841809074
871864402013814784
781306385556537346
3343168083
2303434964
3352486845
765352553177575424
780025670659350528
877254423000600577
927639068808302592
758336703438397440
354484844
795451566308335617
711712544
785505450351554561
761999979737210884
901306207285256192
4390021702
3281779710
732919570508439552
795593032632561665
802618366452240386
2904543789
3402800938
4343656822
890749118360023041
708344455024275456
3436057637
743962486722924544
3244109218
817467340271001604
719876086197305344
888793701824200704
4872314819
215034611
743990059251154944
896363351110025216
4776005236
711180824528470016
413512082
3135521141
2300861506
4808367149
3252726395
933706393210818560
3944562796
2805715601
731653376
252716994
2725765762
809841635173535745
368922029
225982367
798182986189590530
2735465273
793898830894956544
4560716117
800849725532631040
2984508147
2419730970
795247057825054720
4855714665
3351390652
774399309517381632
129629128
2719420073
1031190205
4045676531
787294974324989952
3173788078
2535880781
122117275
716820090
933481494487748608
741369259008360448
2294740980
2567572310
520646405
1412852983
2679790492
2518725882
2831975186
839270715471851520
724391457356812288
2895230002
2290885011
112539602
3337141541
2180259716
334063314
758769349549256705
3120432984
40540464
831081014705393665
4857118180
758329795121967104
385067525
2419042863
976475108
2997558523
2916835299
849378464734085120
923223364977790976
847973934804938752
4202979922
3132433032
740337488846290944
2897789128
293698785
3415633138
703350099229933568
1605023492
233221523
859804785691811841
330052099
850129855907860484
723252020438786048
748275803088105472
3383358437
729144774
2972558765
175124640
852366318221352961
2188324931
2483559650
718273499828252672
2903923162
566164224
256195697
714915441282588672
4120231636
1490408534
796126488194072576
3397301223
3397290495
188475676
3527456895
2986183587
896152873788211200
837384439000870913
328826492
878320616503255040
858320786288934913
869685147695804416
2858973110
370918242
4042283237
2834313617
792119882355802112
810594005247528960
776902561748123650
388554032
840416030644162560
730542048437116928
2834635431
4156916782
880069520504877056
3416185972
3197829435
4108998621
2480302070
2800987804
336554986
2916686524
142078024
4596519376
1643316318
746808095905615874
2223581401
2914130019
108003196
908132778008555520
721450977912602624
474939009
2728049673
3566483601
714852043618455552
4290187941
4106544503
772489437154541568
236848851
2298459674
838514959894065154
2875801020
904355952157233152
3382731772
3383907545
935447406
1475193110
827657442360225793
242328041
899745329372909568
3397285325
201772940
318611681
327405276
369043498
1029880592
4572849208
760295154909667328
1689330343
4105788957
2724655497
4420563916
265003817
4729340296
709836274664919040
3755557761
1494648115
2652720008
213710103
772327592
721695321487765505
886001032744099840
4903101141
427828568
2441112532
713195875514916864
2842786865
3063142276
2344249664
4302291015
734780556811046912
3398251415
905771410840276993
195368049
2612047154
454992036
757615868041895937
701542443574026241
4744982668
2805162148
911441411442118657
3371578187
852320126120722432
3369606773
3438197633
2472893773
3400628021
769937477587042304
762063888728723456
703783297877413888
2377833584
75297983
933845881283055617
237046697
2403455325
875371526882816001
835135405091598338
876525093660348416
3106529405
711256081
717636359
2415891037
3982819437
2535888716
798604918303195136
728665848588685312
542976880
739610464418729984
867965083036532737
2526265611
2946853613
299323041
3006004209
758448628822343680
912396282240667649
189373799
241285541
2851732066
3208917862
715271502
818903196965961729
2726875659
4498198756
876478324507385856
853680249900544005
854097277627101185
877592589578514432
3297059873
846871354473361409
308545614
3346216948
736954913809412096
878725936144887808
367400786
712044918298910720
870023484805701633
763032308723118081
716968494
2625660273
776106529418276864
789856861717721088
1086883171
799343302084595713
871761974081839105
1246318165
3011624188
4190104216
2913961913
333709697
907417614099591168
3363262865
2209063101
829912875535855617
837288237752270849
389779324
875121859888631809
43207329
2300654391
821173740683796482
821927199561412610
720630311244193792
2248648514
289588707
912003707675475969
846530174057398272
1976997229
1411563402
893306746432782336
825197163537920000
370410924
720641743297908736
864964073200504832
890694383540064256
3391258174
2790355049
633861418
2967837989
4582995628
815245628926214144
775942317454745600
970913539
873733664219287553
573272667
173632645
3162094193
3312522629
3304047725
734026290521624576
733499674141851648
3349943663
3403432547
3369947104
2688480998
813281450
3095972693
923273534755037185
4135566010
3260486875
4828197887
335319013
404083442
4600486221
1599018336
781651899133128704
753918025045274624
2425713335
719213736964308992
564747999
2569606669
3353980791
772978439909363713
856154159078354944
3303920021
214940576
2847001647
978664772
757269848036675584
768038793412829184
2452618247
3040099024
529090499
3071154899
1137762139
3470077395
4898527629
3787211835
882416236361113600
726527376
324079362
4050754415
841437611013099524
3305893468
272608668
1775404268
2869257267
929554736163979264
3328106975
753278812998234112
2824289973
239986664
4716871049
1343328979
850814777593143299
2956808812
778239180128260096
1063160137
3231389212
772455884408643584
312988597
913537738888146944
848316464792829953
2728184356
2549777056
529452476
839892800913145856
3413104647
2788558489
707623170061307904
908878695741444097
812011263077339136
824379598636990472
379874793
3409350569
822257742681346048
787762879021871112
3776637914
821119904028000258
4267946296
2484773377
3956792841
4689349784
2851550285
2967149477
452180077
195555745
719335391271235586
1335469778
3192647165
811169090937253888
822112555296493569
294632801
764913904816447488
1832417438
2440299724
759406531104346112
362842993
709611568
3106523242
309750973
3789594916
3082828030
174354688
2307007026
823597278673981440
2951922454
1030959799
739566756
1630350157
274805561
742143873552687105
882797541712166912
1191983215
1273053224
400232309
889186198824132609
2695015757
846162906605654017
139728017
2264743818
2776730743
809245369540427777
392425421
713137564748746753
2400778237
876870271386476546
290259951
4159876481
822198864711192577
750521387375267840
739092216350670848
740222606729744384
2925478396
553243578
1158045991
2874879514
744249237903392768
1003128835
725387012753207296
3114493191
203659970
886341803817013248
3430296089
890622196934225920
905894365977092096
2996842955
1890019471
714806172
479728299
1289498532
3363114939
907965352310722560
878301330149965825
826202576425197574
867559748119531520
869402685795168256
827946342572052484
2752817091
789043579192762368
738214200422584321
751922209669742592
4130124135
209165031
2998120427
2153739002
738735140
4252514615
3435518733
3425286705
418147423
323448107
824361950
1447503043
2880121161
210577119
872200476
2380718858
878365123047546880
2149036989
3026906211
886823091338457088
890020296337575936
3418326143
4626525855
36780901
1008830438
514878650
189972163
716266073960669184
713178512828592128
849308754051043328
720405039236276229
1255459819
763208267006894081
868634117960867840
3068243627
2768207885
750340302171430912
3363402981
795172704114581504
4041081095
758367767917633537
714232898031853568
3302257977
3121238000
408049953
2618408823
749052734708518912
839344935082016768
199113608
830535968792928256
804029557711994880
3528574876
1546413806
3354131867
265540151
1665430435
2487547517
71690160
3754640716
479674320
932436559441399809
797090885599133696
4822690409
2928208737
3592144042
817849411376218114
76181782
3002443971
4898829285
740646284911116289
304875504
3128721174
779174290344271872
824340188881096704
736545821458595840
2866278063
2936493437
2782456769
2826826287
3308235347
1932535735
208661936
922904291001753600
2246138179
3141979607
744177940485840896
724035216550039552
2667408174
2919974825
701584574095167490
2837246356
920375610047942658
3148724162
4573178123
913923334793986048
3680540241
84925552
2640024354
301618162
3432312647
2746877617
4353652156
926066578743013377
4692920106
92075827
370307951
2878575507
59916779
717395168777924613
890725118942605312
733721179014455296
2288366838
337255233
2225620153
755970939112787969
793580598308794368
4739111535
880483039180148736
1687009718
708330115646803969
848751416156069888
876102546615664640
790006059104600064
2546447160
2310627374
1694893813
3128086726
2644679577
879112191294746628
382766982
55971182
3013511139
832280159029952513
180223290
976895984
741635636550115328
2189054225
3755105537
703082906269425664
2765680252
291301562
959582754
4437626237
3399706510
3121636121
3819187851
3952589740
3439004446
819269172605624322
864238332540325890
3425832172
3409553439
4637276302
1897926092
810200658880118786
702251208313065472
3019885313
4610440521
809891029453139972
3709115837
844954284382937090
1699513886
3818331023
885268412548734976
756983572523847681
313325694
3383211430
2254827616
845753381394272258
4699989590
3240611933
2587952084
2764847763
66387295
805437764397387776
1431816266
3828502769
2169882005
861364582069174276
45131084
821478053092196352
345714071
912771142372519938
3040057857
2978286448
2321005710
631189272
3101776821
3289125204
4647971781
2275955489
2276165936
552086811
872942226678198274
3376609119
912063583709777920
755252282
1422292831
2889712071
330667136
567180223
2993642230
4819339113
841462821271568385
929918245276127232
1107558854
978542970
887114236408848384
893076932610359296
870405009447563265
882001238660874240
3290570056
758890505589579781
1092326210
4101050375
896763492874768384
3032823916
2426095273
2788392863
797451763255300096
778467624535543809
890037915040051200
845435740980957184
196260143
818618188988563456
2904664954
842749531435536384
2828427741
2176367290
870969896850653184
756293716151791618
4824316389
3130997662
2879692576
3588531635
1588784402
4143248457
407157859
2264760908
837445157733679104
194775207
479598921
737512654030262273
3353184013
875035238170341376
229200435
2651558154
1619689524
878236688
779757325343158272
2391232451
870118491541647373
1169906479
775444354051825668
1140111822
879772176395755520
59639250
1021327454
737481335955132416
806151772188397568
2915445850
416710981
831631584700858370
3187169213
4098068867
819279368371499008
712103501611012096
780101878956888064
3088962003
792822918946426880
4896679931
157119384
764884831264239620
2220566192
748631552964300800
82424979
811698541773123584
729677964657463298
3318234359
2808320539
236217869
1957500996
1387066549
911680794816602112
3355692261
907006805456408577
812017472048087040
725059668654067717
2789769981
1016377861
4571367706
3903079467
2893951965
2294514879
2182147360
2240914039
794173210841509889
1702426986
856172345693753344
4693615513
396863208
1077979818
1715830250
2654870162
3381878931
2245434947
3344666759
4164522849
213087652
934132633407229953
3592217536
792508543
3847381005
3099848105
790689974182174720
4290997456
1733398520
733057032442482688
2588545172
888523093026775040
2783838407
803793309034487810
3094459377
922242431579508739
827569628457091075
508174547
4214788103
3020191619
4508048542
906383750
725438328766652416
902062112062799873
2935955295
834209017652207616
4247032289
890781323371130880
777990407519137792
3364716423
1651730425
831892385202372608
2442018372
1335337987
708337032309940224
606790949
876976939432595458
931225527402319872
893160136990228480
164315483
741995810
3394706373
340481853
858352938221277186
2513683669
4858808038
2170179704
896602994959147008
725727439272443904
3427098827
765032569431883776
712691061819371520
812009555416715264
752660963099234305
887095429523021828
2888165163
4780571555
2494190982
808704825504530433
821895642511503360
795307189422399488
3245702872
4529359342
2840241826
2917040474
621130810
3091282849
773994703922597888
4571392721
892053846993883136
820809577876832256
4100192715
2499397747
3085090173
788465779691888640
842878713813458944
926270953
853099465
261945521
2903978314
740708460824780800
870997204370116608
1362192798
55963315
735313353774649345
145001414
756106278573932544
2450781229
3396720143
2752847838
812073982891528192
96827804
3016591662
3133529318
719958159897571328
333727621
2980219061
892127871510204416
767461252998238208
2942286873
4063000558
823713370645925891
4826881936
4860626957
771121581242380289
2966908048
596880225
3922596621
372261120
722953668018888704
2505604699
801788835109765120
320365871
2739065897
121189213
2701781314
729859434239897602
733084362665799680
3407915561
844965069939232768
3959638457
4799681536
2306084337
934988433851895808
2370145007
4635586817
776504015710461952
827599883284647937
604737572
753047889841192960
704086921241358337
4905578949
3434443289
600546866
750743130333409281
797190732448747521
3012454385
852674709766500352
1623323401
720014828690137090
1220096162
162726937
2327068811
864968855256485889
4596725295
3364067721
838567757344096256
1061021965
2350255238
756300770170007552
2973521770
864624695353671685
4397688939
851369198
1522242932
895417890316398592
814301246505054208
151897869
3342038817
778663477036650496
2522539813
921877992
2680147387
880594814
2414648088
230921787
856706613750751232
4857846117
903276420557922306
2978163820
2782544085
2986655091
3093014481
779085040181473280
1045728644
777158053426765824
1122131742
703978433869717504
3119849884
743023885675859968
2529535468
1395726098
2445984053
783751678684176384
806886589288841216
2968388890
736437669375311877
3991103955
3115207581
777675999815360512
985290907
2204733426
1635994662
3022453438
837504497329012738
1452893233
2759377811
1246863823
3487457542
793516191579009027
3241188147
449297426
2713290537
3942342676
1615994305
3363470975
3298303076
866680777106501632
719231338008731648
409624050
882634282010857476
704752536994054144
871782114257248257
2785367915
998155626
3057337136
828280172566761472
898220580499062786
2268001118
3996845067
3195147641
328334664
896874913901969408
787487975898746880
2983485027
2986446639
772202916375658497
3743790436
3942052822
727298598128484357
902325581341216769
1868956350
874437109
2516979745
3258766209
257176506
3085778290
191932482
1345713732
2379547904
431772432
234033414
3244396810
850169093827293184
501305350
3293166857
2836610459
725402403059687427
4693626925
929900803246231553
2405030424
2972598934
4706037616
240383960
3365079035
805821041780150274
729849309227782145
916671707989102593
299131718
766174170480775168
2912913671
3290663403
2747007034
976510314
1719997856
899937980969865216
3448528577
3051249827
2937733421
2961312227
792709264041189376
482266459
460214998
2513355307
3294588586
749677593620774912
742457358291460097
1904032940
914572477052915713
2235847736
3882853343
2762391645
757043683896295424
789854189476282368
430765726
847879029558579200
840922086612828160
909208599410483200
721838394310017024
2409087112
155011781
907815085590110208
727186932778852358
1343473682
3435558010
2778632748
454238050
3525980721
3371711421
4830460894
3346758185
876243805367926784
824121283
3134977239
2438815798
122790268
566588714
3864327496
1053721141
3300600838
3108718815
4851923475
3291579339
900890896232787969
2457286861
822888719178928129
351940285
890374938733015042
468801278
421241697
1147903153
697163638176665600
812787636855336960
1961417778
2949777057
2269634427
1250648076
4825666073
319859499
357141452
309319725
2832887145
1665901686
141786608
2494819562
812493938359697408
2908158982
746719426347737088
774761021152067584
725374885405544450
4766268714
3777456442
175547647
322270784
1609889600
343722426
858173724
155299886
877619092160753664
472878908
2600270696
46540635
3187475698
355123631
3029007879
2743932555
4822601061
576404827
756209112833073152
396159884
734476322798489600
248246263
4403595855
2809403007
864254850363731968
1963658731
816745593536126977
734501555777462272
2825480596
811028170203955200
4874164547
2598522856
3302265807
2919979935
743280003425669120
3007638988
852925766
872153929647304704
555473579
802355228997730308
751969803657674752
913527212934156289
267910031
3402041643
863063145581076481
722945635670994944
2861739320
841898341
1621027351
729699201257451520
2879747517
3291850855
3243583426
736958858418106368
590611417
703619736240844800
818518710516404224
1702571641
2980244423
3084970089
455115352
609263405
4099707389
591205803
371809161
816787031716204546
3429887207
727085931329630208
887917350011404289
3396413601
894378732831506432
853787503
880852938
888624438287224832
2826720517
845624096801083392
4919483937
3242088633
4429056801
250959579
879438207036923904
2461126491
774030479062339584
837478787096920064
292476483
725412170230587393
929194960540323840
812070884269821952
809886458941231104
895482534036983808
3165941241
840938316
868247557377601536
795069790868176896
3070144543
2883464123
4557289156
902302621372907521
755545884725800960
2356507086
420762524
253576368
4738604038
4277474207
3047155550
4874676604
1602330846
703347257953947648
3655132762
3748269185
532661473
883850826879578112
2336030967
3449042674
2659801914
753651818434072576
736708934719922176
2419419762
447504398
334809318
2901378177
2932249067
719486822410272770
3295917744
762880856348241921
821734497645424640
525426938
737392602580942848
3762738741
843614266120921089
875114365137154052
3343614166
875825523464818688
313518568
788142976585306116
4826297302
875453962136289280
1117361024
733137361253609472
2948371809
870113112623656960
3304773803
3377479655
259370541
3485373381
227391852
806125091495051264
4699593924
1551476216
1597163108
2915557300
729818885273325568
874800814937833472
976124472
847372182560821248
892430661830705152
877261903063650305
769401243013881856
1631440980
887767021504663553
2183893797
735296425257533442
796147235247505408
2751876099
4920458482
718827148795125760
4655681777
771786174394490882
783780108989558785
726472561052291074
2590238316
2932859837
1529173682
2569878316
145004712
755529620712226816
3363047775
2302122432
1849108129
2642058023
815399720621342720
804141277516300288
4774675653
795309909000802304
881597834730115072
804040937995431936
805470275257167872
343173605
2901072898
4703930504
287695821
788542358942060544
2600265266
856689960635826176
887153211307675650
169115081
712653261300490242
3448401681
863886110077972480
805145416396378112
1589328954
4507294703
2823704697
758791755089186816
771317069078028288
857401345489457152
2896718987
68002706
773197409337868288
821084338150395905
2886196696
858416930369277952
4165798407
878684254812729344
2926814007
783805891237863424
851869329629073408
1249686720
798518795602132992
2468573094
4921700206
879521247645896705
2921651436
1195228080
433473675
1965469440
715534475128602624
751581865535016960
200595505
4485954749
1634020290
750458020967149573
2610619439
162778969
2807523906
4332570135
2984540032
227450985
700762197039906816
3538253596
3095581157
293798912
867828707205033985
3297994734
909258149655441408
761729916224299008
887377718211477504
615421045
3190963311
4745880255
3435464465
4175801349
823760385840910336
4810869694
870708823908007936
839562448764080133
3415510899
808451475710083076
859126886701682690
323979354
2883095667
2691286189
3142961409
632491910
793471879990378496
1475237132
1255920950
1077442051
3592891342
900136470874345473
930545922865541120
811421224404455425
885702650
782637131990568960
839212712383168512
3780971619
3192693615
711008426609020928
2492547113
736359749797744645
2399430179
779457457533882368
3226655951
479985496
841810769826222080
566653502
727511826909417472
878373930
3580993696
238320535
3338114213
153044313
819277096518373380
3003232515
3331583519
823003573474697218
901636204881432576
724329926787235846
708169758328270848
971150935
3947162483
2298471141
816099717373370368
328559652
875496800878198789
2981668847
2580424363
162511753
851584263627714561
3002938816
887766172141277186
771761125423714308
882679045133135872
844627165811494912
876246448450527232
3890325449
711248617827409920
428570094
2950311941
824351546448236545
791313976470667268
3393252544
862311463
4845556354
751857165145694209
933073672356683776
2416808260
167420979
3135233217
4528800803
815938732092178432
3042616203
851955890248970240
3302416847
191968283
1728877062
837451795836317697
772242089333624832
2382636288
817220219387179009
246503242
213812101
1234952478
808479574606708736
711736395921022977
2825099854
877232110402195456
1024741195
744931968836591616
60953424
847653363025969152
2771874101
3028847949
401056461
2823072831
602721107
1173417494
2339181704
1938503893
746468604007297024
4872266267
797543834762743808
2891534542
264960468
79527646
848641419409580032
928091442022674436
2395104878
740699996119535616
327082314
798230306344075264
747789260309282816
899230681754193920
3404381007
771487235392888832
2971436321
779141341985042432
826460574972252160
4234881208
825547214198018048
2938544775
742322871515664384
720682508355051521
1408206259
2602469423
2680083288
743093123757314048
3207665998
2356820966
4121730381
721814095159287815
749442673975631872
3087540808
2832745233
868901266331750400
862418539306766341
838437069219377155
823943032206725120
724996212466831361
631597741
3913047982
3802764496
2719791652
3357921347
768252118948085760
744317124622057472
325576350
81941311
4833822345
2861587026
762960842895884288
2876345147
4720580355
107381262
724461750851088384
4161269061
909894671085838336
299839579
4787905006
880182382262988800
1636925604
387207212
3399219291
623067109
2907660015
4535962827
743082703659094017
773307405312688128
823911059828436992
817904813077839872
3234477633
850493735284690944
788866941402357760
3330279377
758336767758069760
2810623751
2224868501
3015377543
758767500058304517
719921615979589636
2994137687
269990863
748924745199083520
2889259353
3339528399
3788526268
2831531931
709773778658660352
521584256
784882252798885888
763742327395459072
2612600358
429208874
848322105385136128
916106983048171521
871896322382716929
3060605987
713164205470400512
3010045673
1359780726
2298509585
4018838013
2305865489
857014569897689088
2511654407
849995120082604032
4895577543
2699691241
850084253794799616
907800772108275712
3696291857
4130847808
764199611959500800
792133513369772032
749056461322461184
177312299
3096547061
737030927075971072
766343116261617664
1621290738
804091250001461250
1900471188
51346194
764832778735190016
827646369036922883
794956257929072640
2551108161
817850899162927105
744665486969999360
763564424716247040
790578149515993089
781607483488043008
874020716441735174
907004927830052865
726850401283231744
1368002682
882689270363959296
2874964870
763175529516240896
3717902003
4112217868
720296590594822144
4114778595
792160169329299457
983136211
3517364536
1698132984
3162062327
870020916792741889
3294379068
3293175181
2966072590
873206645568024576
236143101
1906137685
2624659059
2953852013
3308655196
700879124651491328
896028712784867329
759634436707213312
800114301746880512
374514523
3345892167
757765555348705280
482227973
4027465815
2920141318
729873415121862656
3351273586
895439202476838914
2914950496
874668803615010816
333672218
1705798760
2339312507
481371327
713005438212681729
544473566
2540529740
285650271
2863494967
2701033277
4144486265
351992596
712097891129679872
2426374830
541193461
827627786235936768
2190537494
2874469595
3218434996
2523508044
1216894934
2750571766
3001823933
830006876653944832
795096343886909441
854507328766451712
3005979898
745656277573984256
720765532916551680
319099361
1286991752
316119009
883508040154173441
876970532952051712
843572522109059072
3389631755
4867791801
3517692495
876975489566560260
3122772640
869654440185397248
2370870385
854029712632492032
806286603392000000
755532927518314496
507645776
1644363330
1344847507
3474238402
386054374
3296091312
758864402690940931
905793359922569216
911371698531962881
895696404932435968
795273754364538880
1313847956
391645249
2478867823
3102617769
890744030975455233
1726719751
714592520949342209
720299681687973888
3827799683
832842025368244224
792738608
1403305032
4026689260
718652406
3319681822
3434695702
788862684380946433
2864831487
298680126
2271822760
843248791289581569
713369089683664897
1191080569
750880389070225408
811340350547693568
788964259044683776
801457358467694592
2327941827
379983291
4613123723
798519432947630081
701898985456476163
902226262621552644
84588670
4573606515
2803570137
710285542685065216
4746753016
918249741762355201
885887854009884672
838147318058782720
871865528603869184
2249263128
187309582
892099600043180032
3549052096
867537725611806722
790861268064333824
3038996753
356997874
879460664418480131
2874076851
634939699
2886336407
2974599893
1884960865
1579205532
892636937420517377
2670774288
820398211672186882
3362269527
809898388732911616
2915539390
2841240130
869024775947116544
1060750466
1148619350
1684276692
3044857032
2879860318
305922914
3318130899
189693550
326490615
3196271969
772514542249242624
2957408110
820244209273860097
473395084
319107688
743940092
2949209332
2978405379
1476002264
115174970
741062163985498112
744278198767206400
3380669219
699031837017010176
772215623443177473
3319190737
869899044814036992
729795558165057536
2883256613
767193658814783488
3602548205
2293574521
543725183
625086609
2768487844
1952831076
1415522684
767777056625201152
3053234521
285344019
814358260048424960
876075247790944256
726826571005349889
787880540892430337
3147979588
903260278590230529
769669868840943616
3301920467
2937376006
1104419586
2996499417
2644994013
765291640592461824
751747572067397632
3273408728
396023443
722978791778336768
434416629
127383557
914244752945672194
4692912632
884201314460332037
338367043
895120755108851712
3051799391
4836447508
4877749095
497319715
3084130672
1423999302
4467363449
846133684969357313
3048529358
2771784315
756194614567116800
738811225845432320
219960163
734782847567958016
524815450
830599866057359360
3550289716
881718828824219648
594815240
2618298784
1631640308
707646203652079616
761019491912339456
2654717134
3369641344
201063341
819733989963526144
3876282497
735854042673520640
2413635252
820415352
915178126405259264
725838315275046912
2673646467
3008530336
908342944763084802
2485383220
3297436698
719284071466201088
4799668888
713133117859622913
4825526469
4792599203
459457123
3298445644
1352518207
2721134447
758490982149132288
904411386964574209
291076920
341778462
770746743231287296
2696876808
1516923985
761403436101410817
811641977288724480
3548253921
2752163177
3219975297
851427228122578944
2756855581
751186623539322880
875572963730350081
776626844015681536
3108934805
781729431547154433
809111237330169857
4703981108
3440222537
3312132010
457015083
2986044706
817758615679471617
739525824899125248
1491226183
2288867167
3049813439
729115326462464000
311703275
817154292498964481
2879040097
2704702836
709955324044771328
771493483186192384
394974280
712756330193371136
3342007857
4561400414
299779771
789184993670987779
4455566361
1498808426
1087199528
2494511686
2226949429
846828252689780737
2628027153
843608351799959553
3037128274
2655046896
855518603801710594
4086767963
784402743817535489
3786049954
2941143964
775787092785917953
816018589916479488
3750076035
1864146553
3402763000
4875653590
2860871085
916055891132190721
894004595248254976
2182467999
770442704287391744
4406037508
866175028735377408
383317725
2379399590
756142755512881152
741025893775183872
3333678285
387390122
734514344940208130
3295433451
890947162896465921
842057358901669888
885904282989588481
846134096
637355890
928392657331720192
2970616222
926858093111242752
4755728091
1316828442
703638219871670272
857281280605663233
1352826889
3295748820
745005874809344004
771074490239442944
3320501088
976293014
3395971871
2343975434
2880041398
818506644002836481
3344665233
1651270530
824435238730395650
1643689304
2940416614
2928685589
846058214
2820021653
1456089984
3294154524
725882167776153600
714968594526953474
187936385
757359367113023488
929128067506765825
1096157864
3866095636
750754568997330945
157497612
2612133997
720290760826961920
2275233381
2303692825
821383197023944705
474606182
747890381845561344
2194220481
2316044190
3160253579
3862968923
918680921015853057
3393877281
723719139156738049
173520572
716460466067865600
3390541954
4166761337
777192997947600896
897589147002703873
738524467031314432
2779080546
3177148197
763546763705942016
2745993901
2227020098
809595908887379968
758344065905782786
706629926
233323052
3031956149
3219014878
584452845
747157467382022146
4864951775
825100748614729732
754077031
741200660490780672
831608035650961410
880787327966220288
714143688973291521
2975674235
926543639085551617
2541870555
4907272919
4824626399
3422060949
737812238489268224
1703531845
3002651591
1110108085
4867167389
855544454232584194
3132344140
775030712785403904
878234603873611776
915936263907266561
494965807
700406122646257664
804126070966468608
871534000208269313
1615677008
812256819401945088
721788828286074880
4777981107
2372867486
815166821833838593
702555892378701824
784096504986406912
714684384390029313
3063934667
3074087990
796049946436898816
858060073456848897
540958203
4675508118
2993390273
434227285
901492219697405952
3232104802
2677257422
3046868739
3382327457
871782359292674048
611183876
3354167607
4921565667
4519575747
415136945
3904647440
749753471797198849
927567994053627904
4824501803
4883860475
869213383048003584
820094111101386753
809952470621454337
2314012345
879801497592238081
932013850936954882
1081134589
3430678643
528917866
4384255456
1150111536
2974056076
3309918412
4872429399
851606181202276354
2879883439
906616483568070656
181249689
2968663137
828756208639160321
3071306290
825898989094592513
3776956696
797851938238955521
2885111079
2541779068
1554080221
742467334418378752
3751301842
758434575307698177
907789817399926789
903479488066883586
1107917401
736269030659657728
753934904
3394971586
2872963311
3436288390
208344993
791405515368783872
1151388890
3565628056
824467733039476736
818350857632841729
2460492780
808388446200954881
732384822455357440
3304157937
2889450191
740942509
593867527
3308303788
2875465330
174324051
2430560366
2654480918
920788924120911872
762816777994825728
735131910104621058
3323099981
713401963434676224
3222694636
1497163039
3038194641
4876245316
1947628524
2996648385
2242449678
3765605061
911419523202469888
4083160960
379795258
839577407153651713
3948851416
801134196072869889
896075818690109440
4261317333
701911806307135491
729763183687258113
3404004706
2665765539
737096443077480448
719657356716597248
4417376003
434380439
1603485583
803529387522097152
832634609019936768
380425230
577356918
1682127564
1688463642
4822693288
3491790016
847805111564988417
3371809792
122111781
1663817274
873562122294349825
908708275969040384
2618850684
883396884
3409202249
803219444537421825
3293078517
64235565
704419224698134528
836788962022785024
786879798538858500
923678385867558912
767580761104998401
2277717918
738329566087942144
2345423149
546404677
2463685268
514885697
729200714
886767037715972096
889711358018809857
3368390319
758014726211268609
1640688217
2293474153
4851514504
2808449194
3373040715
794945195515215872
754333955101433856
708430611095097345
705942116
177963733
1607025906
2950552329
755138365540986884
261153360
717818298876997632
792080157255274496
1311409543
507593292
1499816197
874062175450652672
2481969907
750554130570153985
808817786030002176
826866584841027589
835648935519715328
813474980981833728
727673083079888897
890592124596629504
716812740648640512
203613236
176077911
822146214238048256
3164902151
723336684776112128
875919135888244739
802202842903773184
2821106828
731221442990383104
2886928757
794281395812237312
1723265468
3299441410
825948618
3366276694
716031441826684930
830918081425838081
251258086
779099154
3094622110
816729008939352064
847079134354460675
555611973
779461930725486592
786212846996643841
717083495584165888
723289774354735104
4548818902
910149691
2728656309
881656556219232256
915046559116603392
759106369375068161
3033857837
750704160010543104
2444399487
4524302722
571116996
1580753730
822287476412837889
1419421933
2955235325
3910404675
2613667772
3433407027
771440156926742528
2267970410
913887555891888129
725093851
2350799472
764925727070355456
768639464365256704
2816670455
2851220194
892156258572173313
3313709960
733396812292202496
2478793740
861886254010552320
4405632945
2704372964
855257797218447360
883353115612893185
3199390161
727556226138116096
819454434
781988085013876737
3307428947
727172217071624193
758434755050348544
4684835731
3016233046
3890959757
793097519710502913
2345457162
402987425
3858541102
793138633922449408
4269556581
3605467695
4625418382
3350985856
1146522757
439594881
1287084776
800485060503666688
1452674352
882621604957749249
2273884509
2854135318
3037824939
758815843274756102
716706312848084992
191964468
4105805003
3190127773
2451947395
821098619617103874
792501419538513920
862802421977886720
728554774132609024
838092206359609344
1352037114
878491196
726523110040719360
3355479424
908415570084814848
4818283649
1621707416
723542707726127104
917540820852658176
3188676275
2983082513
356886506
538174382
770638689332527104
894415032578166784
910661995
2731971177
2882461266
796183871729573889
3357537821
2657335105
2555985204
932536673501634560
2988618609
782328238236467201
848617585067384832
2377567958
1539689208
735506543672692739
830890894198972416
3399600532
3496485199
3378801189
4069690701
515980038
339963263
744160116
3137050793
3133760739
798009920255889408
900182975513587713
3008262394
784538820297498629
2605830794
3359287096
111613188
525676848
755132689691193344
488842454
871299520583348224
832014622899183616
1628279851
1065628034
837476155833872384
3364172483
2803335562
735918436505751552
798317693514432512
3041023427
4843688163
318834228
859232490023727104
847536893361311744
885256425294974976
3295309625
867957135170310144
254782574
518118821
726532784190279680
777354557789724672
734886348700557312
289470418
3395860353
4700071766
779362191292129284
3900002494
856375186614104064
789586056660279296
4481939855
884210310894297088
553217440
1541850264
2497028546
923163597202747393
3301063168
4819687967
747167352215703552
756229480046133248
2426770984
2304199890
564030864
922548016002818049
2420853804
831216545951014914
341187817
3380265017
894634649275781125
858348702733406209
3976697579
2464237730
3128204198
792834943630118912
877277947593461764
360067614
873308694829727744
3527610201
1340661230
782927830321655808
707666473
855416672
2911455022
871354969206796288
4822404671
2405620482
861796852278202368
915732445332373504
768218589333688320
1572741188
1711342200
206383020
847987547049537537
292731057
764526956452937728
163662997
2285049663
2559630667
368627589
4367782155
1925211104
4025605217
3366839553
3098406202
717018302
803336689854849025
1452856182
1096157275
885846290827022337
777508762513006592
3031408933
900851879265087488
867455845315080192
868665186202374144
321463231
1917992034
1880342280
497991571
386310083
1187267814
514529479
3313124661
158917253
761389531660713984
3418346307
3254791551
787826391186153472
841757957624852484
932956870008082433
3834890164
818602078864019458
2279788874
3037184523
3937914739
810508838042554368
1684470121
199795988
2730493916
2316371894
3145129277
1717333278
813146563
845705152082460673
3289953910
845769739024654336
2742286089
2171066219
842563916123324416
4365278243
376926711
797803366160142336
3146085939
3181504024
3403467609
351267500
760393984002912256
775380343369109505
809444404222103552
1238680609
869684483943014400
877151330103681026
4572012159
793910230199504896
4616979388
1846152384
737780784162086912
812512763272724482
760611740522573824
845298262089306113
726896307714019328
4173989435
1647723224
4189135942
3492007642
3416251402
4644308369
763154726607286272
725869857397444608
785981328898527239
2270879875
696041857114046464
4873274614
712767641946046464
2755988643
2914641233
1355592296
221065035
866706582
281280211
722945263531397120
715359725886574592
2635825479
1870083368
3399008085
115971064
2203582542
385668392
709443277838270466
714549776646279168
857978878190596097
4716598079
3078399330
731527106543398912
770415319592632321
1077664620
4121846121
3013318030
719908521253449728
748360446680371200
4898205424
602885855
703562808319987712
4049864284
799435632745611264
905802857189867521
891825479417769984
884923249162846208
3429685997
714460045
775023431863635968
913574059761373184
142091470
3398139797
1963296511
2376360780
3247111253
360756559
2450390190
753590025409949696
4329624453
2846095149
858400630041391108
713859773490405376
894027086477881344
914671700557561856
795034303054905344
419056170
1686447240
2188950709
4331694988
759476338512236544
1649041328
3561924315
3518643497
886402062690504704
2199507312
832625357391925250
723549272944336897
919293466122825728
3043777013
786206070591062016
328139239
927260713495785473
812293747497111552
2750845835
2340890677
2958905014
726753286733332480
715696750548426753
2993399237
2316137434
172153364
753663139917524992
323521237
799029692917547010
366786481
2854298170
1357139473
2986834828
758438525008285701
1532355481
2273703443
712965537337372677
789956517856440321
905790192421888001
616905618
100874021
247321213
4390970968
921853196120846336
750400069619314688
820485463991615488
495116352
797953918114336768
775140641630199808
784226400115064834
3229770777
738539235888791552
916097609063903232
808639378662846464
750371287
3105034985
1267896960
3365988767
813399722996154368
2402416250
2904169666
279138751
2215132682
831656362971164672
869940151174270976
496120049
793609980532387841
2590898273
218600936
4114363635
2998464791
883116506472697856
4527104680
736659925531791360
1852161804
271546287
3560607496
793506494838865920
3243831483
743268088381054976
4885161213
73724538
3008636195
900891757512196096
821408700741124096
864987400233263105
2319962473
2784319035
1576659824
3990685402
2530604694
887021370986704896
4779135688
4540944683
2966047917
744585193789456384
331772026
712442072041693185
882359021436624896
751125512274280448
874415101205413891
2960166183
213802321
852287624509349888
840767134808576000
3406221826
630507972
2835498184
374635037
2996228631
405991994
371426597
803965544651259904
2938916735
406386617
735268972858347520
4797039263
831279993225347073
383170555
3045003274
4777103547
1755632930
2794560396
2759875656
626757598
3426650212
814093701391720448
2938349854
3824183235
2942589717
707685279381983232
895049205915541504
4530007883
818739756
294745985
1400789436
2179044878
1546370790
181643638
3119042499
836617860113969152
282555135
3863892514
752934575307907072
726981491788537856
723640294072279040
720028838592450560
1270964094
2777231947
3293990733
924269724778844160
1646184792
887340836966551552
1645720357
2664514971
1348182938
810895461569757184
813082784831045634
876392284182515713
3426432533
2869358934
2783131318
783835272874233856
891422191534977024
912725476950646790
618484780
3111903003
892924721590874112
3152401655
2725135933
4573296503
829693859458404352
768916150277251073
1905387217
1909814154
933431343530364933
889882208172900352
735670108002062336
519779422
4561928056
3034647640
725761240098852869
4312324943
409437789
1521041972
823956536980598786
734872341692436480
3828880341
850806188329635845
466660981
330064578
725452946645897216
4227970293
2344911155
858033509893537792
708595698804137984
702513198919000064
715863069017174016
3167538832
3347203786
817465240405286912
817862452226519040
716129094153474049
2716178957
1289852742
1072614938
2915690439
2949339365
334973380
4719771539
798267244887363584
754853269894230017
2578028924
2302218563
780612672437923840
2970051855
3239195068
2616433664
2382297734
805485648480206849
843922576560865280
400235888
723205067990552576
3304313962
3388252439
786944554524180480
2801609538
859893702059327488
2962424013
933059528400261131
797600015128653824
1641395167
698869564147372032
845079523532115968
2425745032
330116878
909561830724468736
1641147583
2176681843
1278038143
2247967371
4157803768
2796548198
2299920307
769953563715969025
3139110431
911301051785019397
4005229941
860313278148485122
282601658
2846977967
311689949
806302295705133056
2870222439
2634066608
2541537038
793360871519031296
821221549055365120
548692041
867892940210937858
4706685447
799317549125091328
3325181380
1611447739
883262383
4237884081
879772664906354688
2978783518
1468210704
2379280722
931674969465122821
781325194614964224
2374033864
3208029725
4728325215
3069005303
886609034765316096
2564140748
720057377
3058017544
1857847340
148137748
2264724780
797146717149863936
2342994391
741742347940208640
3064553693
733731010429456384
764873354260127744
712067609148190720
790970474180317184
2741393260
2450290611
3119343909
742473519058063360
711101024
736976612906967040
2881562494
2887828121
3036442155
2683215600
774629952339738624
3480892697
224032645
771823714732236800
741087372159397888
890055034511273984
871149886456160256
4623295407
4485981855
758496929634451456
909205275873341440
2862697265
476045125
876864931215409153
839673543466102785
4035542613
2765150489
3396611831
4810560737
3086266910
855230337324122113
2799363885
3397981379
3050391125
603232988
3374923611
782000321673527296
3846352096
4562290695
2996447900
4289903361
3375113824
2953112699
893486909707755520
826083046923317248
760459245707993089
2902879415
1720642933
637359971
930841795
934458997763080192
1646238571
718817326234263553
3000568071
2516884771
227793386
2679705984
859213274935693316
2191400097
789785001541918720
709185044443750400
900477982334222336
410945073
2872865230
751210300234489856
2460380244
2937691931
3379102695
1479884424
2391941197
1145609166
2404396841
2633602089
3704359216
2796667719
821778052447399936
2360346894
4319117200
2484279638
2474111538
738127841582297090
490603316
1363247588
1566122558
776454625813823488
761725674331705344
734892980130189312
4647933345
810469892285747201
3984316703
3355814505
807760129282240516
2868214356
436109876
807636553426235392
928645473505816577
154736737
785626579372216320
792845972355383296
828766317566103552
585332224
2850936104
792415761767817217
4623487643
4026171687
717101812768186368
723683981514907649
4235348782
868901834739658753
254603023
890727313511522304
733598652313128961
831645376805474305
967165681
441039410
4529530636
1217389711
3550110857
2800831947
774454079477153793
3407828405
3526319242
3312280474
929107966539780098
926886073887805440
66002646
875400832409272320
2817725940
755144458702823425
885121112862019585
910283007004741632
426186925
289958001
3364253116
878376820655214593
782280231835078657
923635751820189696
707202142042517505
372911752
3333729484
887055791425019905
881922728357441539
395619972
120868272
809983564527833088
2940147311
747215721764102144
907763474180329472
804794065397182464
822275642112802816
884269463000027136
816371252524892161
872118003479007234
2159323166
1704598352
452564894
932305862638653442
1584098269
2793544120
978577711
301109258
889909821331435520
447247287
767822561371627520
2970515571
3303909965
819556752194760704
785621447943266304
1592382342
794932500829184000
762745515809308676
724278438681522176
4808352135
738168592240238593
849984996655980544
758113429089648640
3163706362
202224060
744376101783375877
1012288242
3430209471
107512240
4061829867
2745562028
606572313
1604931036
2859630676
4047097637
3252126597
892861636595376128
4909221167
929356023084797952
1700118998
221448045
705089656229068800
2255298836
836076910199390208
2906808617
4585703294
2551136052
2557543950
3962087679
2888185702
698551076103049216
738042698112872452
2279539957
3020511233
897936646745849859
832354990668791814
3366568163
911377870303502337
4165957293
4396240887
2463747836
838748272885923840
1073207731
4702910054
210615260
903397659951726593
2904368255
2896792457
849373184466046976
1118133024
4649546974
3420072845
2887907614
811539536035639298
2276406404
802551961472090113
462095772
3894942251
1895382979
2324633856
804804867038580736
222815590
3109114023
360802141
865024493294686208
871781252528996353
2574183522
257569920
4737162154
912847260886749185
742749273381556224
3549895163
2924396785
957391704
91239604
2753777228
1387322689
830835811398606849
2699271315
3403488610
741737077507784704
905206431858794497
740957069944197120
4020428032
858878676146032640
783105962223755264
2991198033
3243507622
3619683076
732288050521341957
2599177630
913853914994397184
2738006440
745002389585924096
860251149072572416
3229219499
1979402646
1387557229
386792963
874413416227770368
2190963289
796121082956746756
3296626044
872488062919561218
2955880012
780989899000385536
838772315919896576
4490755577
47695051
842110624121389056
4084894510
580236768
3091699239
849307996140318721
1888428084
4485402275
2706059811
1941927134
1216848624
790627548313055232
2953098927
882342595510382593
725055558
817156701996646400
745070979555139589
67669061
195973117
718030326061264896
885837713362079744
766768387791941632
2545167116
2427113711
3154443175
722807730
249348561
3281330697
820094260313722880
796776450749845504
4212818843
2660053214
845039807197786115
1380752052
4302411015
2979907540
2276367750
859550837034582016
706251203068497920
961147879
2986163903
3317959515
907679922671452160
1949937757
1668551731
789459899205947393
4106786980
742130909059682304
2923185201
2938421865
806307216940797952
175820008
721331071959310338
2623449359
286903908
218483127
4911401789
304087855
4801792395
812696147399733248
2601711691
3252943205
1474319664
1117273639
2997929234
2937037018
518054671
1624292882
2400667432
714419588
2600507130
829735276373221377
3305129055
819581595619381248
3435675197
2483799775
1965689004
1292584026
1975481514
818591115653894150
1975834394
903711025
2705924739
802989068875403264
4924671088
841772305772646401
868865453908799488
580068013
115140762
784536544271036416
2848796549
3451886897
607407179
4083128253
801557893485121536
1938960728
3128387198
2623351059
3572570895
759855594303950848
341531801
1621921962
383962009
799003026891489280
777173057916006400
868134168466792448
3244273911
760278742216404996
1599079261
3392835657
720980106156621824
774616710984921088
2523378008
825891126397767683
121566613
3784020621
107540609
706323256
4431994407
3039423849
3406359285
804450634820894720
541841007
3313691331
727482086668570624
910143286941274112
985133840
708012190
828078824
242950800
2255866850
793991074733821952
786968972902236160
918165763294363652
866009522376232961
867571120576266240
38047169
815020337381380096
160226496
2157786574
2352329966
871410179501379584
257073465
716725318837485568
1546179978
218285148
267132569
366288880
276203635
924020416083001345
725906101091213312
242930886
859612980123754497
792760411330383872
816977508822319104
2187413215
2760749955
4517798535
737100719749234688
564670855
912451138682802176
3366236721
737012863991205888
2779728171
2388105518
4013954074
3429864400
1239849847
1347794671
4764543856
3911880921
3397801822
2649861354
882703668642025472
2596855582
361308065
729410059004989441
4137992133
882393392956796928
843909062140055552
911730212488060928
2871343036
822505322
445846024
813650186224488448
1570421652
462285009
1699829329
749660412216573952
705955017753239553
719990470013755392
794132700835840001
722623134600445952
1573561454
842206520515428353
3241356352
773758555707015168
331956982
763219764038737920
775839439377600512
2973928672
791749865508306944
4810146983
825958952
2303920841
3457310056
2548045042
836919600205942785
867255131225681920
1460334139
2733200217
487813420
1425856147
1045029804
37240014
2210613022
1573924693
708985441
580343767
820976375922360321
3051270102
925033003096723456
111328470
704804730950832128
518511611
2964437296
859502293699481600
416404331
787749886192152577
602204677
1368461930
1403255929
3025131904
3254739958
854115668865818628
3073106343
885656181758455808
303455427
858375353642954752
2227756031
3438684370
793884031100317696
128024803
393565670
2970143398
721738822170583041
3362694383
353970879
734846594483408897
725345835551199232
869794524
2799559114
3364692681
802546315523747840
801449646195408896
868397724
317943754
2265591959
2355456015
2648861107
3418986029
773303891047899136
907716820236455936
867893911569805312
4855641015
918231027847450624
724091957685981184
745394274825560064
826121252083470342
3806736436
501946911
702782666844848128
801721934
486105070
710121503057190912
839310072153014273
259422952
713731475124985858
770049003362906112
3546824177
765211868063469568
783393509810245632
786276122728206336
843792236915675137
4855150671
846897204535050240
2326206728
4767149483
785233043384627201
291346428
831885180818378752
4708370963
334864522
177830274
3019044058
1355524464
2321171033
883492127262560256
3422843211
3245150416
289865172
794232246962159616
2773687298
4890575752
1540013408
3137654771
233940353
808757296285319168
778066610
876949141531885569
2790277408
2391726397
201018270
2155819148
4889906283
3090478225
769389495166926848
3210422123
2732542972
940348722
732785580086530048
458843152
2823786009
789652349593722880
812431762546716672
1209214034
1325937811
3049463255
3110862562
767606840
3355903888
162534536
300603838
779490389480837120
2453293623
709610176849035264
89007920
889892539540570112
862691452001898496
749569113035534336
160044778
1120864951
3035241448
750481543785750528
704153631545806849
860864539935559681
2987870597
3436274471
245151576
3294514148
824296527678111746
769563237037797376
4624343237
3302341779
713395181974863872
286151326
3000084158
4861356914
2820543490
943999854
387648457
777705482358259712
781862430536237056
745764390234890240
724795571253465088
757981412062625792
866098748098846721
2607703841
1531540448
909825381993189376
890264923976216576
455161353
496323718
2756340625
2273763666
1855415636
3316405803
848403385
844945887847690241
3376008549
83263563
567441176
849463529614831616
2549205650
161687793
1697329267
2691458887
763860598950166528
4346144301
2560077469
705476651770093568
824712272123752453
858814260356493313
745371504393789444
4137337523
3289983401
3381240839
4203757636
2850435215
4843503141
185814652
807017671850004480
136977070
2696693333
2830876461
102518898
2941574955
919332120748797952
724730287897219073
867147150983139328
747557748796186625
718607520907071488
962655787
884742313
3646777822
4855521449
708700596132515840
422907308
2983449790
4803781217
285293964
247282086
713936454716678145
848965730586460160
493448534
1421664078
803602782892781568
3291428617
1610850439
294288821
4090746196
251844543
1010739132
1245907052
714487351934849024
3340066703
562411483
2544207817
2468405533
890385270046162946
708660737007292416
2881341705
701896789528596481
767364844261695488
1084836404
3348166979
716345588095328256
108637965
3448164262
766674658015973376
322686182
1936301431
2548463509
4520806521
2392656057
2763977385
762452513496797184
4829904946
3050902269
844699340476166145
929518028794056704
2843624980
830566808973369344
272817406
4756482197
798055598
2485924584
718971836332130305
901971014
2253864518
1897354718
886695859815145472
2714298921
889622579425812481
885937630600466432
3251884191
137811399
856335444526673920
881558908057378817
325303130
269269787
2981635672
752980092494684160
528855574
919281061183574017
2900437617
3587242332
1250266398
702660610862018560
902253859627773957
725461189975760896
754519225167810561
3396312777
3107513698
2302015082
42121916
4173945910
595856734
838497226741661696
809956298452242434
841064576
845889120
3093617008
2539331315
859141680267767808
1697028734
285905438
831148444681138176
137786154
852512869321248768
333730467
2987687416
904780299762102274
871098186638794753
237393074
730091163013787650
2896578298
788780991284404224
4767029100
589361303
823338285363773440
767106958319116288
300517315
2620326196
3188833846
793857922400972800
876210878
923344748236169217
1956952014
707067874129682432
840633931909255171
231243443
2263182283
2234141748
805084086125654016
450609865
3400813839
3297207095
450230180
4871092630
215822684
592173214
2888385705
1631323782
117814539
2906576117
706846838456975362
753646411753857028
838030199107256320
759763511731892226
713125242059812867
378336514
2168607747
3873831616
397343095
4728586277
732735594892275714
743799429015150592
313702807
2922210489
2751974655
4835242588
3742711827
954405896
3506093657
1213981063
1035122312
3264565474
830606881697718273
3057999861
129976188
4574608174
2606558285
4708167641
2765626917
924731138437984256
780262161067216897
715992845417648130
503433438
817938633630031872
768117296338526208
828725562374049792
800057662796951553
4749354795
568391139
789222493081010176
821138071873851392
182467115
728217888583262208
3079686142
2328456761
2984925748
1120512955
615139608
2933116252
2969690951
335635782
2772826862
2752641743
779147903982006272
756259048190832640
3798063154
913892654810898438
2439281791
743467535669002240
768254018900598784
225634987
3338200391
528965506
806129386671996928
1623340657
2941507259
1631037126
4398400101
2932673199
2474803631
2753198595
863606810
942417800
3436833274
241718412
933424067134320641
1616838511
764927051480633344
2878387230
475462477
833813755003813888
349313307
129605440
225548931
2811561017
2925131239
2569475997
763863293945647104
181191463
248248402
828574250135076864
1164277362
1495631868
384316878
744354046694334465
2898015641
2502132923
2873877879
2392554862
794671911351517184
1007775680
3431826328
3050393217
2785604962
2554885433
765786366601027585
3470066571
4089700739
3201802455
3302237536
2308714730
3547179497
835420652849016832
762792593721786368
1158075468
794006109694607360
3332048596
1663019672
723314752869543936
4913046545
783383241285857280
3352590545
3179458685
357088453
2647729763
4048043385
2801268177
331993149
839526492845527041
3922581202
758793873820938241
2208101138
3763625956
4876227093
3206709029
2228666329
4790340683
2602794682
4798955414
761732345695182848
875831105181626369
346112957
1286438575
3198214591
931217125309599744
2998177733
752980621337751553
774448947712651264
744147055325609986
1511814667
4036171763
900053070343753729
4557295347
1912624417
1426060922
2821861702
876499575112118273
166341813
4925685105
756311849046597632
340298282
3292044772
287407161
2868252473
838813174967242752
794969012
4213814021
2711826874
881921688300027904
2551215427
370435604
833096531733516288
2937352180
922269260638023680
254580499
2945754940
2314104872
3458065756
801489836
757225131265650688
3325997337
3191074648
751590012
813447067804778496
2429206635
2324474570
3942488537
2213574840
749434077116305409
2849613584
803775920712679424
734878701444292608
3401991021
3257352940
779066845299105797
1382515442
99979947
1104187981
3193250854
569090876
489803040
4385701599
2626133379
822335106
770383152040841216
2252145522
1135233570
722922950395990016
2818321603
2317045226
370870888
730814336936120320
806969569403408384
3330505162
859152962249252864
760173383480905728
2377961508
857960239190208513
808055124711116800
702629899933192192
613022700
621769876
813421882049437697
752567096601698306
878414062614454273
326190923
930577101459161088
61797503
789204299893108737
791331179144351744
242040758
4260915437
3642812421
760125669259022336
3346114919
937400610
4018458034
816944976491872256
165591452
3593040196
3577114409
836908773197426690
887291666117382145
4387044676
3731587576
3020240830
2460745083
900164816584757248
2644797430
859119928716275715
777298417852772352
379817365
542630740
1184157440
2274111816
4252969599
616037155
906400825
3305701127
4836446800
3344246069
824096138
873003991646564353
3064903186
2850721058
2750283508
3339406727
835112454149517313
814670613646295040
754449004948324352
760655469409144832
701374513414590464
195122328
3772658776
1621673587
4925194240
2792907437
4332901162
2607157505
2761562950
3298702643
389580141
559948818
806309068625313793
595899495
4765972009
205330518
3245076459
879820509420163072
1636479144
882393327735320576
913552213
288538031
779003127223689216
280197316
843179262689599488
871848862809501698
783093914093887488
832163037742301185
1689474252
793880509013262336
2607157732
2372583349
2979705641
618501757
2820589689
2612818066
925011513743691777
3131290745
747556065420652544
35411830
908872559617347584
1651479247
4824517012
756954956469600261
514624956
3501001815
3322984923
2853838149
4740421936
3081709750
4764982212
4471213583
808068744471859200
2716916140
851023486801899520
1641679314
753969308829675520
3058489394
856307576455270400
771747618976370689
4647148173
1163966300
2840754406
718285350
734825019927343105
800328211112423424
3361666389
4684516693
801274880
2955707099
1949425688
2490613730
924608844759781376
3026019539
750456885422223360
142756893
3328055566
3308574653
3003363107
4440362302
1005211112
309996543
3754869321
865371556112891907
3033214499
3080508111
924436224
767107505260367872
2954779918
342351232
780523010830794753
318745148
837714841821401089
499820837
240691761
783060942930280448
785340210531930112
868971391923650562
2796647203
871256739898953728
2924238929
4397342902
503060974
755890337814544385
834806654248030213
763868012357283841
2435893198
892815355642556423
908820688282243073
2900582501
817215077510221825
3312562521
3149450265
2992777588
2632449987
702137557086240769
620464082
4204513451
732729236
791229477246337024
3073611676
357722346
2215723465
824676738810675201
543020168
155743854
394836793
722017929085218816
786021669747957760
320199212
1444813712
804406747045756928
721416812462739457
4453895477
2477375818
762262589384617984
326184521
470501335
335662722
267237972
3005934993
818435151248105472
197963685
2710374755
885690831922974720
3052862222
1055644291
784435955964973056
1093164908
1978917643
827624154
903627508909830144
2876970677
2458626951
198234892
904826312413642752
819904153925390336
4428476243
929742301953486849
3997627397
3087547038
216178308
2465818630
197658124
182068044
825514490
3006391125
4698101365
855800510
815585412618080256
830799711820972034
736347107968311296
2756330330
3360805761
1581055080
794764838597705728
715005716629753856
3002273032
52507804
488912709
705537564103610368
981406496
1187960917
702952581044310016
703458470
875547715232559104
3115845323
716346742405537793
2534098893
3068119564
176945783
888978632
4861865638
702643242362343424
936890444
4886432223
901503006641975297
4831701424
732980077105958912
709898664928534528
789946418333097985
2438515137
395658996
916777788320964608
328597458
2951418339
698872872853512192
3077474667
4235282783
330506288
703272354948980736
2821460260
1592323494
796108608140414976
2163110083
4562082735
3178338004
1657456254
2170970778
764504091070459905
452627360
909491954513301504
935183755022684161
2823148850
3347687524
930938814914351105
803456221
722815950043672576
890029025359482880
736775601076457472
865935756145065985
2346930910
832069722
1413658051
4843046165
2649008784
883083413468655617
341565082
4903683839
3230806570
418895069
3244960571
2350208570
2663302410
891094604128374785
2973199793
719686105818361858
168814570
216519673
2555187674
337329547
4730382861
2167513303
792305795849420801
274649422
712648269466308609
792699951172227072
394685185
3258450543
2774895782
3298890140
3325671273
1053602185
726102865966682113
753047001831501824
565527421
788472841293430784
917181649552625670
2415890018
859191077919739904
4395881602
403033030
1315452853
2997256101
3382486241
3845995336
166569390
2418933225
3352325879
322083624
2349430753
4264802789
803431484807901184
882975579607379970
864980734087503876
882556291046133764
924738250538913792
809923353536499712
2374525728
850195762692608005
2881189253
329219220
756238969
2568031879
3256909205
2847099923
3890511441
3033724415
72152389
405948795
224298605
3433729516
722970504450183169
1959669541
4508197642
750510630575149056
4503041237
3789661037
2729615789
3623469077
953548682
2418955587
284799533
4086614993
759597142080102400
2544095101
745092363337490432
3578396956
372997681
1561961629
767760002937397248
867422589265862657
4895771878
2989945121
207153943
4925848883
807244803041882117
68708527
844003718
2869024635
4134033382
2771957158
892965523209822208
3233700728
1054236128
1697119825
772934262421069824
3734358748
3362668149
764526126
843204673725218819
739877497030971392
4417464755
338004408
720006136
837450739614171139
2337543824
3178310117
3762059183
838488849441570816
928352293359161344
802979310743207940
2479274837
841123940026183681
1260354241
797516776154300416
3294287296
820323969987473408
2874925616
3431857361
770805890911989760
708772274246180864
184604651
771758160814206976
910554609030230026
804464886264856577
1314132270
732700049864548352
827961290
132021066
2857371517
524564558
2830098369
1659008059
3353241838
835220026516979716
934392335240228865
251305751
706145988986200064
800042761202311168
138409132
3107515197
1914620941
3315183851
849044745343119360
3382645552
773698679513448448
901432957990252544
207592288
454118509
1918453398
3097930167
2576345717
768878586409418752
598401286
884211435617886208
3161797425
801884849187459076
3687027555
3344519673
755193147882369024
1604354611
817890164735442946
140072154
1212103586
3254349083
858709825416515584
3298108785
707656070886510592
2528246947
828247715201089536
795770112511004672
3960857914
369531567
2371256310
340633180
2232409304
2374453578
710682728962899968
4112596635
721451200093286400
432011868
1872147337
1160360250
89001057
1864990512
2831517016
4071905361
707714985
792050401776377860
2863542544
3135756958
3836392936
4858933618
780541458059112454
1720905667
358359946
797957601380204544
847071893438054400
325280930
2987676802
3846293140
2232109873
283575462
761773897733828608
785000524064100352
3091203721
728321329955540992
878260473485045760
3415550457
885997527673315328
790257536972779520
712312947167535104
3006812931
903575216894423040
890709597698347012
1366947355
1206429602
3434490345
2377471999
473232983
983955336
781243021857853440
884953306333925376
844390754
3126864100
1220135064
578538140
3424507973
2903949155
1134851281
541387827
1289886457
587912392
164390976
1854480996
2990440467
939130609
619484282
3406320177
196194803
4861963969
837101441030438913
869485488826200065
2442947125
709303143453085696
792792960060551169
610936257
763064691270815745
3307244759
4345018276
779169008
867912512439812096
713962808300466177
1012009922
2682137494
3240678004
341087840
4249602208
3031536412
725393866132721664
789114839734087681
920878026
700753245594120194
3973896077
407233731
482288960
787528558704984064
2196911184
3026472845
2630325471
850433790405115910
14752477
4130462981
3044355393
714537147907383297
739210077089988609
790637032951443456
2981778346
3218499568
3078705716
924629717407420416
3414066538
232284399
3450693153
883305451428958212
839482576196808708
748173777880625153
809114448501899264
917186084861333510
762021587113631745
404327517
2974149130
845865544146391040
832574390659383297
771791679124832256
169501449
735186019
3429747664
852686655521730561
358356935
359493558
767185681647009792
880428736302239744
183501699
3321978112
2908752724
725549758027292672
2870105419
3242746965
4227085847
4431354615
907275414963412993
849060525367586816
796201817583579137
4904946371
2202043813
766339530265862144
824823905546297344
3401913820
2193030244
2721417303
817406444467322882
737099786
902837440066543616
823554842492862465
3039330621
842815686154076161
891098012650438657
585406335
335465439
778723696189988864
3305112515
341670129
2947253963
844357779620057088
847548148771848192
2194379258
1608387326
2576085884
770364459328147456
2397242875
752186273306206208
53438007
871481271008071682
2565548569
337307125
2977525713
247034202
1615813998
3310006413
2784582406
799292308445396992
943981140
738130945648164864
2169180860
836814101506588672
298847085
827271461165359104
4660381697
4221955533
2856432951
3884041713
809251999619383296
2581381573
896354814895980546
3407718346
872273339863138308
1075341661
332994755
768129509493268480
2835728477
3293299947
4385699195
926260961257893888
567518919
761726984883929088
137803672
2779123067
4252879276
4560223947
3075469491
121286885
99972913
823708391566704640
3765857057
756641092045565956
3691055177
818547086501277697
4484685749
792001363790077953
1675590787
764206992953147392
802530104903696384
318518076
1368268267
723151801294446594
2274884617
366093658
3428042721
4768903822
707690948420112384
264983990
792174464721182724
922565268706033665
1674408686
4847987025
886646884336644096
813420341989089280
4144427920
1961529854
897491918908788737
2372462062
2620521099
183046856
3450907456
1257050827
2851845125
2583358096
2468289739
2429688120
855531448039874560
459713552
1912611938
296977862
3134162925
631545577
1113104454
2942193664
4197743363
813884095021326336
3065674865
4004995331
782386748663951360
1370419933
1123721724
380904180
560172675
710581912163713025
4655180619
2802539588
711001478580801536
714568867708841984
1475674562
415711543
3392083402
2511407244
607405739
2639222331
2194378412
311747669
3981279028
2389576666
701492751540604929
772580264526639104
808710681981763584
545467568
572284819
330532746
4570171887
2739195190
4205765944
3165817428
3392921051
2973472558
2908053717
869967792296087553
4851401559
871769839618183168
869661026479988737
875439064085868545
319770516
231401470
231081526
816618687499223040
1556987905
562176749
3307708401
1173616266
260772825
4471871241
3111798311
2355343944
225846448
859218100922830848
792904655017766912
802960214551101440
3246883913
584373312
790349530772430850
2384120576
711188642
2646307735
802972342825734148
852101939303206913
131086761
788764345459236864
588501223
295745034
2715681161
865045861595832320
2966248779
290268392
158090514
1497381451
2988771911
844619840203698177
709759675957428224
750414981133402116
2451152992
800111225656852480
3307386033
704383646053109760
750449536666071040
363406361
4435324637
802879198310334468
501617984
3239876326
1253199756
933504110137151488
4906701119
796100427578245120
355822335
3330318791
2781183523
629325902
829089486973841410
3497140877
2430799814
877956801618116609
995411880
2926146304
3296085065
3429116259
832024887510368257
989636635
105692523
872629922413645824
928970756083548161
719258456109236225
888788064
564673402
2475073893
1582245168
819632206058549250
835612582757154820
176156282
147243449
231922201
462229389
970405334
2965492973
928981442687840256
851144886543937537
2237682253
3167853516
168642772
877354902468558849
286704628
3296188720
1463449520
2981846513
162461578
3671116636
174028393
721396074674589697
737789625704579072
837929724370423808
865689282400460800
2777697150
805192571383377920
892780937947295744
2754884967
4352375309
3354308482
3025261181
802719101357588480
4049903662
3305785535
4363510816
850905988945334272
930619790624002049
4822680034
770071905789501441
782541182
3386831045
888184251262349312
3411461057
2402701390
2776709223
739079046
832623844460355584
3172997831
3806162776
881230333219418113
890923734135132160
707761517609881600
3214831799
764309448273920000
2778271947
3711414256
3894820353
4054205657
461408355
2920294403
3337444811
3230957254
4404871162
713532566431731713
876300753081700352
1232923597
777553269623324672
868133043109851136
4625456717
774861811262816257
2541999927
708802220742025216
818641598158438401
706955962054217728
1594303722
2997150502
728593381664948226
2285290310
2455755860
1747044073
116847102
220435378
2355989117
887431870241267717
4149246919
81250086
3135056361
2528786988
3034763463
743236616794284032
780901336590286848
2840498787
3407887581
2482536468
3087676822
3110698059
1252408681
4870880524
1187211793
754329651980427264
2327436091
2789139555
1360748490
4062461447
3517845497
177360042
4311574937
876577925423919104
2720351520
3356100142
3347123357
2456953457
2720742124
3131195615
242912540
3281853431
2878659677
3119584803
743900293054799872
4881634635
637151590
4785848303
2988260242
154281851
2918192722
3051199158
889561690404249606
2885688262
4616031426
725943519563534336
702962542424018945
2438919542
739490665395032068
863893062082326528
711650480817053696
4173336022
2162736263
2285002773
1578849912
2790623966
802694459813199874
745014337065066496
2458117551
557313654
1426096585
914873286
2158952205
4717755329
2636113145
405897645
2773997736
882535615
931767716591087616
2346110397
2188538839
712455423178231808
889303615017451521
801055896398860288
842004324339322882
4013631555
921187767652151296
810669848984481794
3788298617
1380926624
833378530977263620
834850737528139778
4049579535
2294561594
752907972590829568
571228999
1140222782
928439409103589376
2607790651
928312410464759808
3403007187
737125081
392043419
3051342909
3040271974
765995272728109057
2904609004
720800253906186240
3403785892
705803532646158336
4279773375
276599981
2295451922
888202606291673094
2384250216
4441946615
2200246758
427608905
820497360589570048
4605665981
2766466882
137055769
297133994
303531318
712810879369277440
697879967187804160
1660577072
811250864740569088
1592062542
3304141336
52552082
107625416
3328422065
72042216
806424530952589312
2806591930
60825984
740251541727236097
421479080
1058428256
805511004536840194
2885517157
2982733096
1109834946
718495745196863488
3191814615
921944858998247425
841293187285172224
759077953372295168
242111383
258851647
2160040074
3930295455
958076257
1318600116
69681616
194960640
1694879515
282146631
3545725217
2342266463
2296752750
297687595
260961291
2173478237
707963148045836288
3972550402
1522836390
764897028447019011
1615768104
956186724
922532114167488512
824074178907271168
851854789038280704
705102013349101568
3351083519
3057011213
870063482275758080
4643600663
2452820625
745661340195356673
767025022628159488
342898326
2820729476
748920365213245440
4134462363
2499693011
768906037340565504
709495083
713506696249884672
3896863515
3002216195
3031394181
3668014581
4397588806
2190930326
967893966
3406515303
402678069
863045405101240320
2417795074
711298091157233664
725893233717317634
4453504997
3394086688
4335507797
1515002528
845454150171275264
465449838
709088162153373698
374596399
845847849929723904
816706926948057089
894607698335080449
2242382990
2873082490
763047664321789952
728384645495148544
783777094555885568
2990513554
719379898272464896
4899718227
1072562294
3394227209
2996371623
3064212352
715115504927694848
766417914
1006561268
4560189021
1089886999
951949747
1406528539
460232528
215835487
3299513596
1466214240
2574358353
887823170803298305
2801911579
2664208999
3034886986
2497612568
867510071357526018
2780705735
709395969775955968
906130404679278592
4280803157
2342475134
2213164028
3121372157
337354345
887835555161153543
3459812663
3059576428
763049565830443008
2517469773
4900971075
3815728816
767146082669297664
340660551
1079587813
168146386
3884266936
2803652969
2320069855
706618641
796104289156526080
2391780178
211632050
190858686
878079529226567680
3317928304
3665855603
262972864
856998371265044481
798654495077105664
821932985498927106
2923259025
774089171942121472
4258599137
4699736840
756461840482402306
2932136512
2903694281
2755395231
933714580634832897
2901559666
2691579844
742509142372409344
170563328
2847590927
3976609612
238660327
167922847
479780704
386262027
841682737853530113
397635259
2284312984
473023018
322733176
610493063
4890535103
2379030595
3386611306
884463761280688128
803613975996985345
389297575
775832205788667904
3155029846
264444774
742517775109853185
4376164035
421061632
810858904552869888
129283450
285791368
370912463
1056990794
770439087065010176
762880092213161988
4049102974
784561760716095492
706847972873641984
803700115475234816
223225858
4321525282
1635458624
2799142432
150102320
837514505190014979
96401626
2862720585
1229956789
1337718948
929534978366607360
3434387475
195003111
835498944905936897
4807773154
330484791
2970704451
885907960219787264
1403145661
1402417729
2446277413
3291248576
739811111684460544
732746037203472384
4766394263
878239296133771264
196945645
2622749681
2535218788
2904170321
2232335333
1676274618
339185273
2678006888
358435578
792154610320412672
3241129294
4861895685
1585138993
796124553739173892
929445008197017600
875537339090698240
846902776533729280
3177844163
4826088593
731963423928516608
488588016
2778440026
791083428481527808
854762017391075328
762449490087321602
878321958
878487766803337216
730736417471647744
716394901911576576
2600831113
755086271534555140
3047347387
225053191
821196700299755521
248324690
3027575836
79482944
764486394001682432
354568697
4099199475
821879106182742016
925793512196624385
904093481752305664
3130803609
873037597
2573981962
756314032953581568
708296541883244544
3049813928
830848072804597760
1970192328
824639768701075464
875912415619280897
3259078385
2727718653
1154684448
153203710
3242081093
271694971
875380120323850240
873170046872408068
894612160898371585
385100840
4921395021
2207964147
2381064493
179612400
1353408859
635666224
788186499628068864
3039158830
367568182
757769422480216065
1034757140
3148609506
4398327880
730715419670159364
313047792
784423394137833472
2710521832
913141601563824129
3099528052
811635873573990400
30093231
783438346228039684
830919329231286272
3045107804
1117228873
3387334145
254314677
382435166
843622321
90458900
874399611082944512
480516128
240888715
1560751075
2560411473
765030459361427456
884454762565029888
171960623
744701902168948736
830819456087646210
197058379
557924719
3645288375
2802756119
760192878324908032
4214190641
2718101841
905862655243685888
3636715575
293090834
963200424
823697390993625092
334782431
709660232
2835459741
3346060709
1655296958
4729817662
833681743936909312
2424649860
4838686403
3239126782
765891703
751497003465576448
717478865560604672
3296764472
825777833670750213
52598984
1216440751
780923275857846272
1573931904
912495527501139968
2157535574
250703742
112041919
3083856102
2825298302
3159137999
3368623595
624265568
4907056427
3405780881
796292614601527297
2826699774
3690825381
2939887013
2739505109
3219077343
429111553
3311895737
788145497441787904
1699889329
4869895943
720744020121686016
2273210730
1137787206
734442332632842240
102404472
4526658934
740428748
1849284373
4220092540
3203482397
783132589288722432
375670513
855658904893698048
4344281303
759893085899808769
1286490115
251379625
369087554
2763570431
566024569
807720103538200578
136767118
249145261
4868114601
3299889711
882312991345127424
1549645717
238678092
2869377344
2874088267
1351130036
2993063511
833720294154072064
2942500042
951790363
868971274168664066
882610583920627712
874364531207802881
558932726
2726319795
1847770064
1911756343
793234654086176772
854425511614959618
759894010198568960
242951702
814786108043173889
124984356
790591223312637952
722187367986106368
592198768
1126450387
74878546
2982210413
878303807465304068
438618727
906569760242106369
1573702320
1961402016
2855353684
881413190
2918087026
2370355130
233733126
321719193
1148492820
4298841832
912833975722405888
2266248091
750532226438270976
832273795687800832
4174964320
915918994238050304
84737931
323264964
876240129681235968
810605926122160129
109001644
346069662
4784108287
2906765079
564107806
771410983
2866652878
3246878537
3131175802
783442600162369536
3386132279
701261633226719234
363955378
2932893455
915319686790819842
907557310800826369
3654615617
3390103432
2984910441
349433155
1573021338
747463844310683648
999672828
2782629578
276266672
749037484609339392
3242867849
3412663319
3006079120
768424889363595264
816361913311514628
758694382547730432
716045687251681281
855264513217769472
1966962877
933376489038450688
984994844
860140582236286976
2689410304
2209068860
2535043085
282275034
318388032
161813323
707623229712637952
565565641
751863054409826304
724063391179018240
3413841574
3174796516
173566143
796843666727993344
3523469177
1135909968
720070816378052612
787107613498564608
810961209709264901
3381142881
868947571456311297
2645345739
885650793193496576
704419473059680256
1623382014
104598608
4372635442
319172240
167406032
3880884267
328201010
3289319567
4158728063
615555187
359569437
2763516370
1895286818
2955148031
714921066414620672
3431999091
283155547
927207352474001409
95752923
1478591323
2267606509
828980208992673793
822860963707764736
763598360720842752
734151087872212992
538531142
1301792414
3007854100
739856102951686144
784421304573329408
1609404655
908451864445939712
364256236
824230171947528197
4840452682
735718700
3309440703
767705514377670656
3426745995
3374965073
4318910609
2215730819
1473878251
880271660645003264
2889117751
901918605708849152
766387238
2225898634
4353666015
770100406949179393
3304883589
921124013669265408
822192734354153479
2780838005
2795099848
175449103
1645736942
1208799752
824202689940750336
1539641899
2292956558
129035312
714492167486627841
69958390
2779481114
903675772241678336
2905464207
2794223130
701380604617736193
4112360662
4798552402
746104435068256256
803316810
332673117
3323333571
294183799
1068671288
2241622952
858838821886099457
728672695748071424
816107550508720128
3149281895
46445317
2178348932
3183222310
4079380714
1350597852
2241581382
733343512926818304
72599766
3004706164
800323696896262145
363753333
43695357
321594490
790355913894981632
478981247
422630844
827308658946146305
702214555024412676
59341365
2855760509
736036648002146304
2853238599
707767368999636992
4122804364
3332672295
881956299679961089
2186110215
3303650963
1155269442
3296985688
3364358319
925915027726577665
903408851835289600
190406724
4647223282
837660814588928001
876136398566326274
739201596106649600
2151577297
3014614697
813935801444814848
67521105
735598624017666048
596856385
4472004862
762852532679049216
816740885526433801
79030556
915373741743443969
1071024344
1257279673
701931284931747844
284227801
283705618
2650600919
834216376994824193
3315280491
2398455466
733417777306861568
2942082867
397658646
3885440475
701893006681575425
4717679367
421895226
95539935
4461428235
258435769
836416378987032578
726080345905463298
288547816
824419016924078080
2147698662
870046724697583616
3376559471
905825882174091266
925856031913148416
2737739386
758433022047821824
2888285644
995862156
801888455542378497
3125984857
2324951021
916735624580919298
720962611
904283635
399525903
859106692130361345
536644747
1616571242
712736848448200705
172504220
3805608562
4898777145
2968874715
2847008387
110337867
468890348
2865783539
778041097754992641
327440175
872856470395785216
733094873637785602
747862111733301248
479927232
793683909431193600
491494155
764999122436890626
815597695666683904
3095344863
739615112445693952
803267853050900484
1372993986
887498617224916992
1035962156
1247603449
1134539600
885539721031626753
2782573631
353734487
3020448905
73167262
732006933775978496
4830219917
2415578992
779849100862877696
4830131651
779392502667284481
258433566
755993214453157888
2957047239
833139517691408389
311710865
702472841661452288
2823301421
181301634
368912462
2390197592
1660991682
728680280605732864
1253234106
3259393805
610349967
224627375
828759664565350400
750368438481190913
4747701099
187994493
4157891548
758464817271279616
3567119735
875934610634551299
735624197699964928
831180756655423491
888457180948705281
3892914598
765967308032466944
854446136806998016
765339762693726208
712406931579731969
4268899343
1908888462
202283035
430712443
130026183
820223118648164352
575817506
4787158323
798928272180576256
3318245165
909624793695170560
717385090318409728
725838006347780096
709870115668553729
4850178004
344065847
782417234417311744
4134724149
708790884494680064
4729663037
830780501736689664
162116909
811477235098124288
742765448316456960
829827906075516928
2768879124
3433440706
880185430217510912
925127919906754560
890354676138430465
796454485963014145
3409050316
3090487944
317765834
3932309242
759783957101547522
897170795159576579
1020966374
152727681
221414610
3229722039
2165772927
797199151733805056
3172803249
459367642
2826769345
3390267725
2717937634
922764566278365185
925160247274110976
894328438592598016
987252794
1080072048
2591645834
930235540489887744
46719060
760650283689148416
3178698425
485700559
53199396
721496638
776915950113267712
2782964701
2321206830
914285388012933121
2783278139
2898235295
62331419
3215243560
3053415986
756742651437776896
2563647303
2780884776
817159099016249344
2322710733
2167274077
736283723700817920
463310063
3885965189
748203811
371382858
4001357489
913074756
250173685
849782467968020480
764509421015818240
837806673234378753
310880995
3035033147
237001969
2857420039
788708132788834304
927398981168173056
1241688542
371035925
3092216933
2421546869
2657034560
4833272776
859011870509936640
3901370253
706895939798228992
183448306
773570664573919232
325689417
855277236496105475
789168117385564161
780362051755601920
4886289279
2943231189
3079950772
2654889599
760642824979222529
29809573
1476031530
780086283951546369
906982154
4766209667
713403848560418818
719580304227360769
2432744682
809891365849075713
2294648722
3007447684
823218657648111617
730551014772867072
379954792
702929895224176640
88427800
2784411707
29296762
855856509087092738
1445068038
2187402661
4213238741
3077289459
848905360857600000
2986739817
4807813241
717114718964547584
3410966885
3486883816
924085637015375873
861007560568123392
329320727
816027735004971008
752639775975182336
1190786785
2869073172
738293085776515072
2564049134
815751189186879489
704350608564817920
4798361493
3996016882
2214706620
388531919
3111209915
1604153534
886115375561289730
329744702
4729503813
3302049395
883018236
496423517
320042262
203471426
761795391620837376
861532023252557825
801069140840738816
1942552669
868989693265924096
3383482803
732744119563476993
3291831047
2455808264
604671719
927258368586153984
309445623
2937158985
153162930
918973593345814528
713412401958400000
911035942533771264
708819304863698944
433486821
3505531755
812440561252712448
4226686894
713201951878549504
2781732525
2832844300
2850975804
3357996809
921814548000239616
3429349672
723191521839833088
912131359082254337
1020410719
1071910567
811523842338410497
129630021
1106281662
2596851715
2627192511
569515220
2217743794
747714632
227522203
905159511857659905
4113429795
782272340184956930
1308357961
799352698537738241
2433880531
525671630
866148370112532480
4834212821
704766068393377792
713170974057897985
362504816
906624057583587330
393107794
2209831305
3124936666
968276096
724697170620735488
471663057
814238645402140672
710454337886167041
404278590
710170398432870400
29052284
1280683141
783104723847176192
1905773287
142380210
4847667425
611715211
2433312959
2901356020
3022786258
816025100424282113
566615740
855211531088408576
875448667209166849
1679487194
825368781287473152
4222254819
3091803382
4219644538
870295382269538310
781788517
803069664494489600
4626147340
706460569780543488
740394642101919753
117855581
397397407
795345521326034945
362627058
4289271587
799781995198947328
3422399147
3397817206
388891802
788205613
197900944
757737920908361728
4114868074
708813297387245570
1066755391
59779529
343831636
797809602016477184
2867492872
929420325334503424
2356613144
443179322
934945670988955649
3798205517
3306127241
4858604980
2439089264
749704303191941120
2310931416
761768056192368640
883864663087357952
867484009789632513
337991519
811631991904993281
795807298220412928
2955756885
3904567692
926071935632531457
2372504989
214657942
764631534070534148
3153076468
178056070
1058491292
3148049903
716079791942856704
721787974585880577
2652001310
552711502
1184072826
780518665380855808
895000178838601728
2541913132
829682814
2239375980
3397451224
3001614490
1311471391
1312215668
822117051200311301
534978393
1466208842
2780723144
2172551521
1493723768
932791490627231745
3142597593
1455563456
3430727961
2992507041
787739519219040257
1505712560
327738369
2796749529
448219776
725896989343272961
567201301
359495513
363994490
906487396493152257
3438684485
1713917606
3346638107
1324358186
2769951394
929762025026269184
2725862615
3152241490
768125484488155136
802913100735414276
180428529
174830059
2798845535
3310063691
884902340112863232
2297065760
320551849
2277349863
714881171004502018
568380034
449240877
4040938888
768904562887581697
718235459713896453
876250888800804866
3348217162
792789728403881984
833213874296016897
843209441126367234
3123616235
2846810321
3424783565
378318731
999529261
934048915493654528
560638005
2531965851
323438861
282202548
1606982240
822138676566249473
3933131957
2447956080
3355926297
763870225309822976
774218262297059328
763082116821348352
4568009560
457667251
2751075646
3073540505
703589868941799424
726087445352161281
926283383084408832
816363835
756759999859351552
805604201661341696
3215169147
1688712234
705069121608814592
196891680
790169710058934272
3031061110
714955400660041729
815668577483243520
933120873267122176
922484489028341760
3407963361
3571794497
929411732178657282
1628264311
92018506
916783760028372993
4637904149
3435811881
4795537475
4766151615
289062921
3337796289
387393923
1340475764
4582973607
3337686129
3099391997
2303978966
2315720376
806291582685159424
2997860458
2872020014
66534887
3015881663
4828142253
797506339689955328
879369624260927488
309468374
699937946598830080
732911333881024512
94844746
3903690883
2724302174
14904591
2860213004
234812036
911722132660514816
2683614949
2429715496
3353199165
3254123380
754730233379553280
337258251
696746204789608449
865323213781389313
607468585
3590068883
2418659489
2877198622
2225649072
368469010
2895139709
309242574
1078987080
974963924
820476449056497664
1030719152
4860672422
4181507451
786385736635445248
1663950985
915378478505177089
378289399
391791851
1591484784
859455034853031938
4867548280
2846316104
785280442903715841
838188341606633472
889649945174843394
887119537648390144
1315362704
861518084
3006469335
3093399263
3001559469
857786489140375552
778239702944088064
1265226450
918295276267491328
321190923
852743612303527937
768508736776310785
890291104653996032
819864763203284994
755495905
1111908728
902190446172098564
3292056657
3025853367
842067549856641029
739231512160272384
329254108
906405562455396352
3206649591
3290354599
636638828
3290983611
1679007794
109611720
3364237366
2297906856
730944513900957696
782658075417153536
3310287388
406618542
895083394119368705
2546393726
870701897195298816
605890596
367236556
706127553841512448
893870626758381569
783417169623252993
3059365420
867759116193865729
1277974002
827005208811204614
704792736696836096
87285936
811183671415865344
706678255944916992
4900650826
2743378089
2288536030
720781192929361920
774051337860513793
822136967852945408
824276516804640769
858376038
2787552521
3709173077
1458413790
762319014639132672
821920435919089664
131716054
258887859
223479742
823890779483570176
176813782
2177539570
4212828412
1395024648
866515362182987776
823552863066525698
492151198
843187987966058496
2962249587
2998539616
2511345584
813891318346870786
903050178898382852
824024418879934465
3399269781
1855916966
919297884482408449
3648480803
717169711
852005576
1965517398
68584081
4612077825
249635072
878367074048987136
832661149363556352
3325742345
335556881
3089601928
775007587871944704
867170097080696833
436328319
2790434451
837675964490461186
724087848887037952
915006185874579456
2687128157
2486703531
94874160
2721318940
4101063844
2365582771
86939399
2730321767
158738524
1390421754
894316911747620870
850542634678595584
727268693240102912
167030925
146229058
731710182594650113
2237507530
1473656930
216464585
258089836
881629319042347009
2567838433
897246430632587264
382738271
702699573303705602
112201212
628940713
867686749308424192
1445639232
2266058446
1112207262
752605273915691008
702966989569060865
933816604273577984
2409761077
715940514353307648
3091820989
809811735225966592
860618518445817856
1867737752
4605265821
1389966086
3423074019
2963911751
3196423901
330465983
2992672665
350479690
1921678920
794974987434258432
764877749966270464
524820691
791026302740463617
843983486423842818
802299711034167296
781280586937798656
807283268315967488
3374365000
934532746227191809
855917785427451905
853677649163694080
3741742517
4497485595
851998629124608002
931749310374522881
2916375592
840097269445681152
780826920
752206004000002048
1084713487
2817103912
785574010939580417
3165300640
618174953
895075178895560704
822113612085022721
4152833855
800174255824474113
3013282887
3312603718
1216831309
1714379857
928045853721362437
2375294350
3808934835
349081151
869989875302494208
1479787458
335471196
866830646043435008
750882455763255296
338127486
4905622761
2205151406
105636014
3328216241
796056419053223937
879131046318624769
1258304155
1444297633
802616380134658049
2312931373
335036116
825430872975351809
3602427856
832356031145578497
2324393431
797194996726267904
837732768171831296
115120396
894455875
4487919448
889712978832105472
865691205128134656
3015731589
885974307050008576
2468255874
870790126431064065
79592099
808867018195828736
186956298
3763107195
858912119818997760
3711015677
539164384
3033453224
190449621
3037305652
306480073
70813083
859207211683381248
188710644
781183524548345856
4633848741
724759818
792744009894592512
2336910146
4323072977
4507943542
761988958100258820
284094191
3435969597
3403301573
2827998694
127703458
471305280
3669385637
832659088249065472
1041203336
3127605616
4871110612
3050460825
2986133967
3031528007
750352505494761473
861628295472979970
2915798439
473398885
1385257154
4269674296
846866247665008640
730912992481693696
2932895187
4832848654
381282443
872138206891958273
320388426
777553252594356224
882006778355036161
354979868
