751889081135689728
48475861
914967614551658496
802242187404726273
830400968160342017
72724285
620650049
33435237
370121222
30486121
3049250873
52398009
385109644
3331916445
855811973652590593
36119789
42439033
263865646
58064534
384901069
1966567370
621158680
414314383
2685619861
705812872
66096933
174903134
845005019510423552
2497592183
371848201
94906913
2435408934
2568078408
2996832729
173817113
126060389
937779533503172609
366197755
1654227680
54283216
892045436055322625
101255538
815744023222775808
2163601862
1526024870
706288612632084481
898983849602015235
2391559963
167563810
867905679893422080
931278429097463808
3982343297
714694965092335617
741340215378386944
249668286
42333436
868048543659024385
1526013270
733420747788410880
139860744
2466250004
2806416231
2612613771
2904230037
307636961
619212010
2281110529
124252321
195777756
3403235237
186324842
772846207
912096314199908353
799356910931681280
218333865
2557402077
856587886094843907
2316055178
2352751943
1305446390
868854671988977664
2365699398
105870609
545899646
324907911
2650714156
3672418935
33491581
887751649669894144
768612467517845504
57813371
290112289
2437579938
948290819668275200
25674916
2179292725
757114237
2759909111
3014559017
1183521331
770256321530691584
913153025564450816
629930025
917449901319049216
4407427576
49113731
103429207
211186521
1965473114
929928672492032000
204381497
788853707433730048
801086722285113350
2943093201
829708319430426624
90897488
25439090
1964950808
74605081
2438939200
182461601
897975808643538945
300396573
3005772857
96007805
583075509
135231310
1971699198
2678903220
876213487353180160
32241839
381734499
932863742034919424
831337394884468736
214582214
108036617
272585729
1297480920
812310403157999616
812862292157198336
55989071
867494036575268864
832338993635323904
792018164
304918906
38218494
500997223
740632851838865408
1979148698
117850750
1377566276
2557695253
708297652404883456
1398653772
92629822
105371463
3990138682
448987705
123710016
1713761478
907790092902846466
451263883
709915344400486400
858295099960295424
144608498
830834235523158016
3248766491
139126353
2535920501
879044014200279040
843984442452533248
572015475
587668107
4604966176
23074721
4539799354
926068285828943877
771881021075759104
810474932165611520
361836159
131021250
46449348
437479383
892815967272804353
947873366949748736
831567906123177988
1564585927
355256772
3592705401
52617312
73254822
1532793114
50894635
1071582210
2871345816
712373441417121796
1571701525
829010345888980993
3397341905
246248026
263420231
742788152
1570534500
43332835
859215828717371393
2907206265
2897877826
2894302733
944002453342736385
778239895592632320
821153259775791104
3380205107
712732013703380992
781277643748564992
496916159
281774361
151986928
111661262
785064546281070592
804139773438869507
953983766304903169
942130571563753472
2317184530
3824585836
874250204
2256970182
2470942888
188910489
1405359979
901441902670737408
817420441
900102515928203265
167568597
705917115262492672
706174999498006530
819066881239719936
870241431813795841
3029196743
932097641923710976
71909512
72551231
33192679
105273031
879642761762361344
806165951561482240
718272972851646464
813818915897884672
4434241935
3028878304
63755983
50490619
266861485
873601783863685120
2590864474
2485796028
90183598
710189137261936641
905730101035364353
947682825893007362
1536414565
1052479411
230447495
2678160576
2677646613
366837532
714503076292460544
916649125923434496
4830451745
206273246
67359764
737085823473061888
911636703672242176
39423041
752924540431437824
83470691
4835211933
771035442141597696
2235327544
3348101873
163935901
1926508376
2982017787
359670569
486988339
1344694580
331130277
54983244
282532497
789206128349614081
83001152
126128572
954828817
736337190268063744
956268798654500864
889533286615220224
298099457
2239188471
32098141
709168560526991360
126409132
4850420290
219852617
3621963496
400835378
3057269241
220742365
349998095
779844450147237889
397006154
2603672078
149102598
387196980
3188166737
513733280
55703748
2531143092
3341976723
110677262
704097060
384906199
301589717
164538791
821184925944676353
208220901
831947702342713354
268859460
2342438478
4330646799
382261316
928578281837867008
66704761
738749389942972416
283801611
768995685232443392
563094648
100998171
832174735823929345
57304102
2809428106
901438901876924417
2434479096
72694672
2875857562
1628633204
1130192869
345517183
247980252
3570953957
4421490737
2722294315
347906536
839424458477666304
270568390
907636377566793733
75600293
127634479
2869412925
3178727717
81577736
96039756
155625715
2480836789
316120545
901443442189926400
269002325
3069933898
196140351
1149624313
2564451876
3089847014
67451646
2963396793
75665523
878830381474226176
2916456381
2806422725
927208647104528385
916389585466417152
327716883
67041451
823633489295736833
2741931201
80325819
534696452
880429674995875840
994598238
911357384
176859552
193900428
784411956518260736
563729162
823984268569378816
83219966
1646061902
225841805
3309338733
819951451
2786316953
61855647
141800923
146194591
799319735154446336
363914764
393309814
259924656
266743222
2531224064
739448593
1643750532
163220293
90467676
2271834116
120769795
2215605920
42193486
2855833000
1137015991
949729124158988288
2919908471
2854165726
710131957334745092
939485983581593600
922552887791759361
488617216
56378020
177257906
1169625086
2999582918
2588843474
623038485
928343498
923905837642510338
878007324
4808649088
723355513396690944
4251832798
36046568
344881604
211295496
1358375492
905946938192924673
549661247
2571829555
63788650
1166530836
3385993583
2378709054
829424101429215232
305197434
818007098
51761051
66146040
127659901
874782300806033410
2729992692
730913142021234688
71115912
882545373071503361
3109046099
176190385
201705320
236457548
918610298344534017
195121122
61068210
158588252
583310747
496651593
624834744
465967416
3185036313
56138718
2869587706
235238203
4483378769
2454244735
192688446
271605652
756210156833157121
3347301916
850382974411526145
930770649638981632
543081544
808040370420543488
793112665669439489
422175770
3015533662
196280157
3296103108
337405085
119707496
1283287765
994871432
2971208777
829735775373770753
242527582
722924527085297664
2886856313
58104198
857714482478555137
182088990
3368321842
916201588292800512
922835115218173952
2890250412
822514722583052289
886243653630480386
942812318597074944
74476740
860691401444651008
371242374
272643601
71673809
2750788314
325858344
280802494
2911277351
3389515959
3091524917
944284022112432128
1968771350
4916140485
220020412
729820875516694528
908765564952367104
715993119884500992
419766418
1931861250
856281062728753153
694946089544318981
787304006507003904
66205927
3413768434
887848582602252288
1330110446
292616187
168778904
95014235
2778817262
40386165
954017994077818881
801452169182539776
733395224467116032
210583368
484340544
348997180
2861005863
897211290892075008
713396826431492096
335538237
55986398
801756060436623360
837731659
784066047397756929
131756203
55291962
921769521161162752
67487546
3310373380
911513143372861440
954806061265051648
3103397055
949383360534728704
2766758711
752645382476144640
198580689
536514502
603255585
44642369
307888489
630438780
3136724796
130717368
2986220781
164007194
114493275
801609192096284672
868083003150540801
124839328
829505478124240896
3397512207
64249653
2246533706
787054378867916800
3373232345
3473818636
324624698
922536802774331392
89166998
99750380
756597968002834432
1089535657
1310912587
2255844356
96638995
49631017
139722257
118723470
892749032887595008
295265779
47987650
184107522
3347967190
2825054724
3355906462
2427587065
210177223
357232550
1397688913
753313621942337537
136835534
60654864
1646458718
772634900
193958554
866020391541714944
858741367136288768
320916324
2903163483
3871293256
924350046916743168
1834990302
747430760806752256
171580002
4415326757
1624094526
882388811577257984
110485164
598096606
845966119
3342772480
3202867864
162848085
737630528
3839052747
299862125
723582694857256960
3533512757
196270984
54697434
158525630
2627970272
778669121638653952
3439332071
706739992
61310225
69586812
187050904
63949278
317349015
1531602908
905245740234141696
337947291
895288262
169191685
2287311251
1159988605
65713640
2810043837
243270227
2263527887
65236569
66728007
535965037
2636075889
2739850485
1978667168
1376102094
4572668141
804869242717925376
215427291
61914765
44454387
855253111665045504
91899715
789167253279248384
366030972
73658014
746539986913222657
1696713168
2772526953
76910988
950727987745509376
2293902868
1172726576
408829676
4280407035
72990821
33733478
946808190171271168
26735183
91360532
80117022
2972332713
850117680384397312
2255695867
157836806
712420223954059264
3398703483
4048728947
920800375044739072
185042167
319349275
2843003962
747136944245727232
3734039116
2605439277
2568373333
2344328377
2568410930
954015114897842176
1223377190
863596004653879298
84668359
808093553469558786
893633007965351937
701450936565243905
1568871240
909591392153980931
211991111
245435381
165106553
188929983
543781232
102565843
850456295861886977
36538159
55381609
70829945
375969449
937796783769554945
162800553
817911097
2482810801
899284389921738752
949041754438799360
1392189361
2346874005
33220465
2496501836
53659155
25491396
295790645
856539823531806720
131211142
265730085
878277395995906048
74780902
762311025240764416
4107809787
344705420
800905720329863168
35208660
862823939118174209
834032272663859200
2190466083
908124382119292928
51496277
4404643155
907660339193499648
2600487373
1324765106
311679461
302220373
53031083
519457514
3516950655
88535276
112778463
170722722
309861673
2326909797
52406052
82014336
803246094507503616
1458363655
3110352617
2922120825
717524596912693249
58777955
2590157269
175455437
14764517
2981476521
14568552
399565098
3342303514
710064146352627712
178430777
1526212944
3303914571
2304723427
55449903
847410540079063040
278031220
313610080
45608290
124627517
92823245
465181928
2776886600
24787703
344456602
253337100
171483132
624947388
3037640716
1349175188
4028477116
768247320228032516
2312594982
3317309739
771687750311546880
2158952205
142078024
781811789453467648
4660099828
8110052
43476953
334858901
294261353
104361436
3359052513
781986348060274688
578771859
71883769
276050857
232701612
2771245676
934096401474244608
1605437886
724292643233095680
2848811770
172330842
2588488766
238216541
4321916595
744967966761062400
129209072
502005755
3142451847
760117809879941120
323232605
215648134
4144864757
83175982
866694144462290944
711325094375788544
107129803
2727480426
599796233
3629031915
791048829030334468
122449640
323575387
2858701354
1967191002
395333067
155019012
2502549826
805176199278370816
933047727486840832
2691280595
1837526172
189248501
27660599
393737635
52822790
2310381337
732213883407073280
222852659
3042011854
3234643566
4744832267
746464666172424193
3703809796
955901247441252352
3068120452
743917278786367488
2411878696
306447403
124000611
492686005
842540283963346944
893052221390282752
930927096507092993
934048915493654528
94557318
947154071806447616
3309710103
907341102260346880
708785024280227841
308820798
2592303889
958350607
378294717
724504274
899104896338845700
949082153954037761
809034064808263681
30407985
887876828756664321
465580207
766768663538110464
1472661913
4583477847
78697714
2305523726
567287640
303282809
26553884
854867576068984834
602333714
947192600792125442
1598948089
1551826597
521224612
3401736287
436249923
1601975816
397312095
2364602293
3968702422
2531574917
356460439
42190722
80678642
289326224
1676792606
705173360448245760
2394200639
753065387504304128
3304854857
3302370892
929464995305459712
934529216657461248
4920778990
27197195
4925848539
61571401
26294702
48762891
2999530600
145436887
777986186367369216
2428287091
2916021761
920279334266527744
235654620
2160792713
149847666
54753919
837430993376149505
699221620586651649
159224481
3127687596
3087027086
859526360464752640
3352075000
2586695035
868146602321612800
67313665
41633853
740357446196199424
322733485
904521669791948800
804422616652115968
875846943146168321
2576209194
2499834344
843989070451752960
898732338011668481
26597104
2389374722
385769799
33546338
701183883140849664
3038188805
2996234817
1037900246
114884036
2541525141
65270876
162129937
174367812
289403868
219319165
956213734636249089
280190069
78161257
4374628588
51296234
917569655006474246
4738506628
52415292
169640232
2862721732
33558738
3177708395
285831634
3255113765
47137547
326345787
35324646
730215049353150464
827208114428575745
852104681799266304
198359444
761655837735739392
360106720
903021449266565124
454918414
2312021261
2550173733
2150992661
158181665
755421058577104900
3794905773
750133850127433728
3845413095
253304556
913715144085172224
862413216214921217
784467145891733504
96539520
28262544
54322278
174531143
2581448021
954513565
55340441
186155329
792471087930015745
62055473
932680081683730433
945068359489609728
128989814
3382902725
711045598481391616
78084750
1289086200
2545153463
568493017
374239739
378171700
884814060356857857
3244832188
16247492
83628899
485804127
815719792409792512
2596589879
599481163
325207332
825898474537361409
839832627444072450
18818881
2920895243
36072120
66897911
50693354
455161353
162512612
815948025260572672
225440753
909105410
3413469111
37225737
3155567849
231213052
270418721
292452979
2990668774
3075656835
628908509
842764439812300800
858850434
1601836363
739573779240718336
48150648
443193841
584774964
205046732
719174697078890497
56031828
724969597334605824
823119105599434753
871744569779638273
929873960627515393
869905658002460672
1955974026
3396537197
1607104772
721620837313474560
365104890
272512683
878984828691107841
52587620
2883429005
2855082453
760123161883049984
949060362460188673
1688997252
48850326
106075051
4873998249
876924925482852352
841679942471602180
2440740549
217149170
811932088429645824
75688505
1275948704
2684443887
2484693134
956230940505894914
1016300706
62529283
944552196682678272
63318916
847772858373873666
399399930
925545154345361415
3149529081
724372152766574592
325917439
858433235893833728
1392120913
1465692656
2149772444
3347162452
3306501233
98424454
2966076375
722940842416013312
884859274442178564
329004031
40249645
61780767
2201911625
65354010
2562950904
927676896510390273
951056147200569345
154684944
30487138
4256750416
56169128
894190886833336321
48066962
521528694
2193457601
2942791912
873585710208618496
3700621997
944742481509408768
349000902
788144169852211200
2987967273
2462725642
3188659103
2855628218
593623765
26663913
3011092619
868553956678619137
52387489
162700858
956181846504730625
3227323277
2843858249
954979519286345728
122054718
839365732035080193
255688484
897447361185808384
437248615
242774078
713354827833688066
295648143
306481876
2250436383
221563253
947102372672753664
62517611
993654061
943957582741458945
803773366511538176
3006137609
2546280897
3013376535
45832962
1284318414
706898845914046464
4145610435
462332723
937266218381332480
225280374
230495311
298218595
721089578992590848
237905484
917751362280218624
1489313863
990053851
26963658
956147293606080512
925238060169736193
3093769774
94990422
817016245727924224
59205950
301559661
2207329574
827617285166739456
325847663
4120381769
2751054320
2558040347
595109165
74431416
1215777751
569225068
2614041744
72143280
2414958793
248874532
67583762
1113033246
2262281197
437021163
2418450902
2558019780
327720880
904713216
903970388249636865
3078760027
16876863
2357257828
831192469693984772
1031304108
127076554
211707946
818240733102669824
116170149
937473989223559169
342893902
925143174586228738
862694453718503424
2225972205
938868644410548225
456783570
498523484
133488068
32151917
174997423
85934090
1602316682
775149848962199552
1952640829
305985834
570396830
830089925760520192
872910423133126656
177521150
1615304942
31089457
936951022118895617
585855020
118052263
933308486045372416
571079872
913805107606716418
128117064
2721615152
109118092
136884044
214923661
83633452
735723034347069440
820099223509225472
3291175365
228504327
632378832
97602940
934187679012544512
84686969
728044548329484288
620277954
248999464
3102117879
47251304
1337186990
16698903
69836265
250569489
1130937530
955881834574958593
43597075
860543545979138048
53985737
989783102
32354475
105851118
737018490532532224
209761441
965336316
903063263822450688
809553482789294080
372916807
1104634872
165888176
57059339
1012409232
266231426
955607082182553605
169226499
936181886665314305
204102599
878323701367820288
48434637
119580973
58940841
703422817019281408
217915899
2884589260
2499935353
1387486128
3666695296
34237029
295437501
113396012
2742104771
2732882909
339818725
25218499
2262146172
862385704990633985
103287621
51514554
427702859
745735574317862912
918082015668457472
809087669636460544
3236293361
219739064
49112650
540189557
3375101591
4032559535
376468872
2295168060
79759921
716775596576149509
746732724434644992
67732284
485877002
702907002482270208
602714906
3329718377
86745547
1523567628
1241932476
1716313302
326230950
876583756362121216
607688992
839476117408985088
120282746
909277266756161536
4115262562
302313539
951921499958665217
61066380
65686440
788043004103852032
388910148
3391248071
163319998
780231999109955584
2938985734
829169394
162537267
79979154
887164844809605120
331017066
2575070960
2163228864
56547590
55228314
69442465
317991996
325870789
846187482987290625
73912081
851177636
132574346
364344660
273990732
1223226776
4911586497
210983198
208730678
789984154255552513
96791794
109846267
933089131202146307
1170313681
883719675288399872
706460334937251842
128311146
1695594120
44258331
59132560
106425301
1304104442
2447521413
3133711825
2174898936
3300790011
169725807
64216378
801130993948262400
947289567769579523
57658217
865648073283846144
53671842
109373250
2254027032
3484397003
734093414283792384
4231076908
14752477
816334830
119295989
855130897531752449
180125513
3883250909
909756067051163648
2457127128
1534883438
629490778
3314388382
245909273
3352530665
820407126157914113
48838749
1646449488
951851705553113088
96453209
101753918
95514821
3112532188
16152698
781334817069817857
825286846116724736
3430308015
931471973800140802
822666943
35882302
58113236
16874038
54209603
820966486298738688
1280955486
2862219975
2346929364
780886029452603392
284846371
780409907124310016
57425387
86200942
1086797335
165419183
802298657714372608
192572616
126146890
954136760153509889
736385015223816192
98980371
2926682207
631609795
724308761247113218
153068983
160020766
2684665667
719560643775479809
3951743055
904771102269952000
156486859
2536030258
245046798
204494751
107467708
68425884
3981703534
44205427
87707975
26248286
189549639
119977775
3178408403
2174833192
52490830
1143877644
245688269
292486685
595892733
323811856
955507970581979136
168335213
423895213
720797940005134336
532560080
177573560
69392667
159728558
753259245882241025
33372471
2292531556
170110203
3154640475
894810541335732224
916406698981707776
763170843102851072
707687910565388289
2647845187
804043303507361792
127738165
938156061646876677
184375021
1021291464
3256859795
59771262
951806284185128960
3105108615
135480194
270152018
100099494
219819653
365780957
3416929259
3742310668
127936988
1529551249
751492068959289344
914890817290063873
3907948287
148035045
921584559380221952
2389604382
382044026
284159967
4550717541
595054327
210472524
357765760
855451568
947722341701816320
754704548783124480
1128590311
830835363967070214
96368619
2875035997
894420103898517508
117820023
793483201
885910513
2712692609
859434961107136513
63852380
955176956047261697
874315913855684609
1541661823
100282660
145350986
883481072700465152
2415164707
59000162
105803182
511041808
805835982
759729940652658688
938923392421580800
39278110
2788912409
92246351
582266838
797104222177267712
242934177
243338639
3074937825
26224910
2873065801
261640756
49064653
142718126
4166719823
340704574
159661161
332308992
274850029
126845298
220416677
3033278097
3303418125
892138296725438464
793643737
744891749177384960
2694558488
195201569
2815463424
4689790394
73540679
1524421099
261482459
705859844176285696
866836546846064640
23425127
722903213310156800
1212099013
4343618267
52282621
2869735953
2744892342
832729637406986240
62067729
766608889466986496
748929088140738564
252288848
359640692
842934656861388800
826248136393895936
2279202090
802543408237727744
887380957191426049
2849968732
231852861
744165379354791936
770251363418865664
21363569
71866538
809522787073359876
764287359072477184
710455485930020864
922999794968219648
70743877
726292765
461609629
471463153
391498382
2147876610
230011807
776178491184275456
70194732
1406130006
287350940
3093806236
892051743533662208
151458675
608190308
2797821136
3091284693
36879200
185364125
326395703
873685698
747100690355478528
47323932
320404513
769220939888353280
187561446
725523958146174977
331185376
4183951697
926661360653611008
205324885
739938675744776192
700516137059151872
535820002
131229296
65945771
86498960
180185804
955625277836677120
381210193
1867858614
47093037
142341327
173851898
175940410
273442951
901832768597975040
2147895827
632300901
1268553726
955630063990595584
239670978
1618353049
3180818938
145761310
846807331
285941178
3432959230
262796855
210813885
188472255
2762544909
2460276247
901658445031636992
3092235876
432572780
1002716880
939152182611456000
3429157377
176200063
3135834274
4538640377
3983928853
930256973043511296
2717102427
2899926665
2418659489
39309213
831701224458244096
419856132
4330289121
2904499655
2529568486
2322956732
4725811283
4159274541
344916840
599812197
222245763
211713629
497323689
934547869931130880
4759699215
2883843188
706146349641830400
39819524
3613080915
915641146034057216
2861502450
951301452
118248703
866850879734984704
917422376844955648
4895356773
66029698
899259179348762624
141007215
438051819
402330824
805536334102327297
2312112703
187661769
472503966
191651807
219831968
924051705083330560
841262742296244225
823892093257084929
175176006
87789529
358960989
989053890
4153840335
227284429
745413126640836608
956119299852259329
948602073674928129
2516319234
4896390947
1626475891
482331563
69291540
927258664452349953
3001497620
4831290820
1683046620
356488521
3078197890
28662843
2416619484
1239681356
282308097
1291820875
106100023
3305618092
833316848498270210
747272436
3000748672
763185920535302144
1280235068
857717811115945984
914516114973085697
582938882
182508085
399949776
294041062
885764727317696512
2153727324
720997579266396162
173320139
954729126
56810701
839873054473867265
46799765
866072311534940162
26491416
1564004666
32511442
337107794
365776250
725409499121594368
881409048998014976
754459610338172928
205721803
432984757
378597537
800138606417326080
170871679
931859107488903168
213001994
14092664
87269938
473492283
1686294037
266829985
360370309
2865225633
131955302
2468539995
272565718
35874136
2875729853
74282458
159022728
46464531
963490722
67753940
309921987
160202747
353356046
4366655056
935615471256309761
1855211918
362163199
2965254429
832372603209777152
80300112
129986881
3924328103
721733406023880704
106748578
476915869
2198081336
154692419
825958952
2733842829
122380460
64357195
893955247244288000
297429730
819975245893353473
788024280688824320
948872460
