182561268
3106749664
2685619861
33435237
57354671
3105108615
128260941
779055648877281280
3233738347
611248414
238107323
14794243
940348967208046593
2741238362
28685589
863892266234073088
60129425
245909273
4476644057
948296227963187200
740943133190545408
457968900
1072243014
229097016
40993538
944361904662827010
193515332
876213487353180160
950831784027152385
1605437886
897730329003397121
55581232
716456420
3075956003
790216776877481985
587668107
851947230231769088
99502253
887071499563225091
1071582210
194645058
44050506
738873823
4168901579
2975782727
1536414565
421845661
160583769
830834235523158016
71909512
769205169510907904
3629031915
1707376802
861233848268599298
96019058
2660073002
3248766491
2864461660
708632213747802112
905730101035364353
365972873
340561117
724085831212896257
798112394421698560
1927386631
2746840378
954828817
174460061
873305677971816449
279204539
30021755
63330999
905798017386766336
90183598
2263275950
2468022511
2694558488
266351605
204581831
189248501
902632205259825166
726971903315832836
859828383143874560
58940841
954295951400849410
2712692609
911262270105235456
848511133
3037969073
2281110529
378264332
169226499
2920569281
31776710
2999582918
924620503502991360
75600293
947556192036978689
249668286
156537994
74476740
3398902755
361849520
316779253
357765760
83219966
2438939200
906668840720977920
838872230
2587083980
65623871
163714942
349061965
873210238266220544
67359764
57813371
2875724355
1142492984
384627949
3323760093
3627229575
342517222
114094027
66205927
263854518
3296789136
889871123013406720
223613422
2741931201
821153259775791104
926262645250035712
313941503
1280955486
895024854583345152
920964122510086144
42193486
591979315
52387489
2803752921
259924656
613059938
885975846611279872
1170672031
312821326
4829853507
79353273
2620370507
409520229
91865068
81710359
735911854413873152
978692316
1643750532
2942791912
1185912751
732424289769529344
180385151
2996034431
20681907
482331563
295437501
3225649337
104361436
53671842
4149232155
345212812
276050857
23096943
923905837642510338
4925848539
169748140
136360864
84925552
314275118
549205292
792933149865021441
52617312
322954634
16283876
23982468
765367763972030468
381286275
211295496
46006531
737678629799395328
1110208027
2365699398
111653078
58246122
69291540
104543463
112460715
50901050
701606030
3359827919
864477312720437249
1150529167
4139315896
745437875987226625
2961185536
740138018695217152
2502549826
762012166740385793
785303104107454464
71115912
729172068
342855894
119835475
2881041713
4886147343
2198081336
195121122
60832848
3187698855
315441540
92780914
2939527426
221185593
2972077659
26544653
917841849322229760
870991273
196280157
898584887023874052
948367827353899008
846408458731765764
3894499407
177036761
67979982
915022071792578560
3884258001
723134395868164096
228577853
1968771350
944552196682678272
2312629738
3353088412
36041374
2976190647
829010345888980993
379822250
185340314
2863972552
2891411351
906594612730572806
879190202979414017
750336533459247104
3742310668
560665296
1661185250
2615488201
950623808121171974
157417017
221563253
20686765
2835708412
139214223
314242630
73056751
281821820
859575832943185921
911513143372861440
2162675318
1260536281
862258956361748480
437021163
55410671
730942736849866753
124839328
194602612
862671678194765824
69314941
170694477
130508418
2367003243
72718265
787779732410597376
134460106
163135278
952621080774172673
1143877644
887443496004722688
540189557
2371195878
202896249
2382662035
554744746
2496501836
614695226
100049702
34629513
606721840
839533141123612678
52139442
829505478124240896
34312410
3403912923
56526010
2730802427
28476865
52245929
866020391541714944
2515388319
4440576443
172418675
51761051
567287640
461515713
276514118
3371714350
3763666947
794505703188733952
3839052747
950902316839956480
425919418
819951451
827617285166739456
2996309070
46748708
351179377
379555847
98630922
1442418228
142259099
136835534
2892873053
89527364
527770855
598096606
186559191
863402065871196161
857459535266684928
71626430
823119105599434753
2158006172
171483132
861406848947245056
4867100343
2456081324
788554985294397440
559926464
831084376104529920
3050896597
285941178
48518123
27741291
885293002310250497
2916772546
193049243
516707492
793553201626746881
220051110
786609913548144640
2750126567
956247140493389825
851177636
3045124835
13287682
2647845187
101764026
2751412983
858741367136288768
1444949574
2730424060
922614839574519808
334361527
719816993
832352715380490240
59831069
1559175733
838549591779868673
223604859
882952885830594561
173230368
1325149987
39418071
4079267991
3734039116
37414040
802108939995230216
928937211827048448
2358185803
69442465
17488694
941424138048233472
1918729770
855451568
226358062
60102362
87199219
3066834196
3419781311
414314383
437646833
97180526
2294178245
744388145429549056
2485909128
874822208740306945
163319998
100531806
53981294
136884044
2821284321
884859274442178564
150010373
16583417
76966878
355116456
157600893
2215983663
2491776920
2395442294
890294332581978112
275760101
912898270069972992
103701360
2847275926
810215883255717889
787440045477199872
41660913
703724966
1529296482
108939971
2184588386
1598805552
453528622
84293886
902722177606320128
31510992
3389515959
1334664870
916377531661672450
1696713168
2843999351
137371896
3529202296
129951373
41846219
3131287300
885954626465476608
4896390947
159559313
262256354
3082121914
294777665
27534771
2421495771
172906521
725723860864262144
114787607
1281689306
412305893
946548413386158080
540855140
393737635
861891684
54257758
32004851
128385309
950932495305990144
349356568
353450108
2975332215
97804202
390413360
2721685810
82517231
1646458718
495460873
770738084417773568
138431656
3064050724
717890371401986049
38299909
127936988
2860694400
353123133
932763788746612736
3375101591
69887363
2853897490
117041966
144010410
729820875516694528
760499500762923009
2258960864
1920306888
702048350
918825374515126272
735723034347069440
75347149
276153913
61780767
4529851715
95899675
2389316918
480341599
3310040015
2347809591
4704492695
756403834969329664
2610063958
828367821264605184
335695260
2173069039
33546338
937651118
94445802
1852099657
94217787
2834270781
822803071218630657
602031460
767357980346048512
712373441417121796
144407784
265730085
775799850814234625
268200244
413214772
2568373333
2752226806
949041754438799360
86142083
3350120327
739439864
61114708
2460276247
888981711022952448
39854511
60881156
3342303514
936676571758452738
801451566020562944
2546772102
823701768873922566
60762656
2738391813
792055258637885441
2371455731
2250558999
14498644
2825480596
2869412925
3109046099
811022867899043840
763170843102851072
502005755
911357384
3391248071
4873288654
893079714629398528
2779738194
882311846
2849160466
933047727486840832
204494751
953685899908468736
3354380445
3439332071
210872732
2158711336
97602940
757206659693481984
246582941
4286639477
68874176
3406536651
3000800969
1118053088
264117014
329931289
4755993197
171572246
182461601
4499011877
436249923
2580587351
2243793348
937894211239731207
139126353
917449901319049216
2440751407
907341102260346880
86498960
328772739
397312095
1375239859
378694180
2910225827
342868327
225903262
777986186367369216
3672418935
699221620586651649
48762891
2707744554
78126545
4188348141
3332994855
80874491
51965867
1397688913
432644250
128102230
3304155495
73277071
17834583
69460261
63949278
81577736
711454465681924096
3111281495
898559678304669698
721733851211542529
65270876
231716110
2759264798
2254027032
866564530490486784
174367812
926068285828943877
956213734636249089
229213308
38872563
2462777493
52153264
227016456
47137547
3255113765
49606484
285276425
2821283855
917836507934806017
917921974478917633
2390911574
3032083787
43476953
2611818027
903021449266565124
454918414
255688484
52415292
736330648516976644
32151917
1601836363
768612467517845504
155389516
901249134228897792
67924340
27069796
1669435974
3398143007
203361939
953792068937244672
1349175188
314011384
78685762
351649930
715613922271825920
1315182469
188141603
28316855
231262938
894581952791138306
711045598481391616
325207332
2925984459
198359444
82014336
11299542
1543361059
1307766625
60620555
768129773264592896
37229237
3244832188
703825867
2439052732
16227278
42190722
44890442
4019216549
887380957191426049
2349063253
3305618092
254782198
2863940880
932238322365358080
375969449
771035442141597696
385596977
3355980813
946273025917358080
41115750
61635620
194553080
44258331
948052062163689472
709860895896244224
929873960627515393
3743811387
160399006
815948025260572672
2707575024
2271834116
178490026
902309134590193665
4912063709
1529551249
883446482
3440054212
3354017477
578527015
77574569
50708900
21158086
3556949243
1915077996
721620837313474560
2893443687
703378720296460288
399399930
1038595087
878830381474226176
1955974026
2895278032
419176969
1651692734
1364774108
99750380
268348350
778666591823224832
3049250873
913888276196491264
40532100
157541327
905739292961583104
3357941133
210472524
2608333297
723160558413987840
924499943972368384
45608290
933939259068862464
1624094526
158146920
4245560722
2670047111
2161839021
4104350943
71464354
89258084
252571990
218569690
78620298
441101061
769558189130080256
3904403596
76722173
1223377190
719996424
57166371
881328254581342208
805519486048763905
123103785
353404980
75652219
322895555
714552942574088193
30918005
62179897
40330265
132359593
213096457
1004785297
3410143041
480516128
51559293
401553884
772598377775263744
811743257386422276
58292866
839873054473867265
16874038
28462938
835129111446183937
295245094
53475780
69152836
75376996
785897967962251264
722940842416013312
753217454508281857
629812085
147745858
405801615
517485914
574536371
171330827
902611764
26663913
41852832
65221436
737779299353235456
202713165
934529216657461248
923398389085233153
58658431
175390883
15681042
2255719925
3323911882
1857932012
549550146
225815650
830490742476910592
224814455
3015533662
3158250025
63709871
3039997863
245435381
152067374
351668609
710789516223758336
309950689
20984592
850060550201647104
2902707081
2260240015
84682810
1264721768
3033407368
934988082813833216
141021051
58064534
2239653644
948653703413862400
342412742
1455373357
954714872973086720
1902434312
108036617
114196121
156838910
1041153134
753327722529755136
339298545
796842653103091713
769324404757106689
2613782228
144671941
371327659
129984237
931859107488903168
2250436383
2857722227
2646862044
964502174
182190898
922874482813005825
945049063950561280
836653970814865410
743849496409440257
3315516777
776679631
50366646
4095034875
346021438
400837199
938951545957371904
55525459
438051819
836054913583050754
894190886833336321
891730030245666816
3428301633
868553956678619137
730561179672842240
1183624166
2843858249
521528694
832363471056547840
338826832
703251692666691584
51900003
585855020
27684266
2860793556
733492038419775488
804422616652115968
3042011854
852903936675770373
365146978
908378137091854336
218608972
280824039
729474086502580225
1319149004
306481876
856991717991432192
38866766
137671032
3368198333
52577128
723582694857256960
2598286430
790512879170650112
63530218
2830603619
2722682004
408829676
780409907124310016
1388402174
56723263
1968022632
4145610435
195523839
918811062841028608
941489427800625152
3222434361
1752702230
248933499
121591899
146194591
925528651499786240
952247328349523968
801086722285113350
955971951410937856
971022049
795376408646316032
282532497
2162983615
865764473306578945
48763829
907636377566793733
602714906
2174402707
64430428
128403486
816217082
52525767
320916324
178233855
2392497473
956449286
135518373
219831968
2459596226
55271756
106581980
162135549
58912895
329170114
834032272663859200
66808309
26011898
858295099960295424
724799104216391685
3127687596
46906999
62338337
918610298344534017
263663895
2324126560
916659717908418565
22860247
897447361185808384
91173409
334893906
142779158
2559855585
272107916
380849269
228504327
80740743
57513886
74568493
23789069
96453209
306405876
2699224042
937473989223559169
66244330
2603672078
792886152609013760
2457424330
41901250
897504690874855424
1538741966
847199632690237440
2770649002
772110359763226624
209761441
2806459091
2854165726
286010362
849703039460147202
825023850987544576
74740958
753313621942337537
33558738
2999530600
942764865936076803
731955663769878528
822514722583052289
918082015668457472
3044532504
339818725
1716313302
2308514245
210956524
570396830
970130329
1458363655
4453879635
170170301
4277474207
117797072
1626475891
3236293361
2862114664
913756241461219328
83418707
245418714
159577202
67180139
174227301
98173602
792471087930015745
844166438474698752
2786513141
184082933
1873654801
361870028
882058335440293890
784278968748748800
2893776215
270936501
39718401
67732284
850456295861886977
954749264533577728
52282621
817195283847254018
818240733102669824
4883490922
2316055178
244633265
3171173343
263442608
779051487653687296
839476117408985088
4186940782
467548029
204102599
276478192
788043004103852032
3173849915
789589156028620800
36691789
153201277
2825054724
56866230
64747926
120282746
4587490647
4794300023
531855452
312409878
833862650165678081
563094648
271573456
39804837
295790645
4130174799
721787974585880577
2253475578
123083763
2174898936
337532800
152454327
277050071
2738187983
325870789
2351139973
1681252808
3381147023
726955580024348672
1308704707
53031083
2907063015
789984154255552513
908124382119292928
753065387504304128
2895030275
951835120134172672
11700842
35543168
744188097072611328
720584073945726976
278778189
3471924857
1170313681
440486186
196317206
1304104442
4853737666
710585967548243969
3300790011
900397907945431040
2594024438
712308129686364162
809796666190659584
216258094
165888176
271020938
47603635
887496753599172608
867738975280254977
216194387
366227877
829166128610103296
526223253
2883429005
750743325259497472
4641836656
106425301
737085823473061888
802298657714372608
3430308015
161795293
866772979
3528341537
21232220
16152698
195195253
179393698
387265669
98786972
320248515
860508793
3378142516
2453812292
722250080024178690
954136760153509889
2516979745
2955643961
349302552
421422283
57425387
271084509
1259261286
3386541736
267387398
200955928
3207380655
928343498
315199734
2981910041
2271110672
1092738187
69582188
223596130
329675154
723147737731076096
3064698269
2984920854
351842293
2968389904
615509791
947289567769579523
793807921096364032
911653387351060481
54209603
3279128561
882099979053129729
415837668
890987114711715840
375058614
213001994
852260678
834117139267194886
794116826791821312
2531679202
2189637385
879294605694566400
69351241
762728783237513216
125645321
532560080
4137075569
169191685
1104501918
3398703483
880164499688390657
806665091085172736
49965543
2427822469
156058421
455161353
296528689
2881999342
777288191233691648
2971512117
3189064036
938156061646876677
954513565
58777478
175110796
3093806236
145350986
55268391
159728558
2847583571
2568031879
2171530565
891603310041497600
162139107
2916456381
708101028256808961
782746117863772160
171243814
3348101873
1377408002
3188166737
2571656740
712732013703380992
952326460454395905
595054327
47011988
4047522796
40384669
2888781581
39494260
4614290308
45469076
2389586608
2722294315
233354616
844353181480108033
57735964
2228323773
59530151
817911097
298238522
365780957
950827497561690112
291206532
2201770979
36676712
29204494
74660955
210177223
952531349973422080
31222219
2544744757
432984757
832358699024912384
2981447386
261640756
921769521161162752
295811616
2756543809
163389326
874315913855684609
772628239990853632
2435376143
36879200
932663439234863104
2697420203
743782354095849472
805835982
883481072700465152
3344770577
391498382
102043798
733391696122286081
111159204
139710846
46881744
56138718
1337678461
2534564230
113649146
726305743
801632958998315008
280647392
2284378856
804043303507361792
2878277211
759729940652658688
18816288
578363658
793483201
3432186953
25497822
1979148698
51849731
860996604677029888
262180369
934035222211022848
895234624053538816
880978866420015104
1468889568
862520203183304705
122685235
26230908
114273619
766786798655856640
3435920373
87810812
584774964
870448784471457792
933089131202146307
217602632
18019853
955600703514345472
3230896779
3465193217
3088999298
60178746
576420465
796814847002472448
447249690
60665224
28946219
3305032115
199726236
163610378
167070377
274850029
2902287953
113396012
941077054790959104
2744892342
716429352523735041
772114058
3754283848
502293020
2445790700
2982666167
4046397623
2235033216
2811307227
809522787073359876
2932373458
102131343
941783024898904065
319349275
2345879534
916685582717345792
910321083978518528
873994809442226176
812484298783789056
1957550533
88809419
123336561
748929088140738564
285321079
859263512966770689
489835407
171580002
473492283
904771102269952000
852187899563040768
824403846055231489
112837209
833316848498270210
711323473386336256
799596281077395456
21363569
942323520
745413126640836608
956181846504730625
184466458
309921987
2815463424
371846898
2190590174
231852861
3366769167
775136153326551040
17523132
723311495300427776
341204727
66715772
345787446
362027817
884913725437874176
3184529853
742870130976247809
392896174
749490696764153856
854457809672572933
4704210084
87096257
574026356
342247119
4846835739
70743877
1034924761
3700621997
47008280
622458256
2683971348
59968029
855937747604910080
3131486536
771328256591233024
973257235
835196439894585344
108637513
224661132
86537157
51565649
2429262782
2405049890
18970713
895289101351604224
419766418
70194732
155143709
370459030
2849968732
69496109
3408095962
220742365
37404996
2865225633
865935756145065985
772224412871434240
400229836
2260453474
2771245676
2509970289
3845413095
893633007965351937
461609629
2764139613
325847663
850956948
2884983715
39765254
735558786
608190308
2959419107
892051743533662208
733807314164031492
841794010763149313
3353390615
86850987
14568552
230011807
822205855655456769
3074937825
61910489
206293060
770289213455622148
1212099013
229187603
150710858
398447325
1358362460
802326476976771073
1392189361
219273761
81186098
171493657
133728575
847291625478832128
772895118735138816
1537200655
2690308734
196327365
2374722826
169725807
736385015223816192
1463120023
3196378109
186961643
88301648
287350940
291365531
858448845403041793
968889060
268037418
326345787
3483541462
3001497620
65945771
1242507955
334169932
331185376
700516137059151872
66003638
4828466162
131229296
3048154475
3365089917
2890912313
4785170488
262295981
579550563
180185804
51367309
67443315
705569526059028480
2977137790
71711349
2567945621
2911277351
92629822
2677368270
2945249381
2181258223
3243507622
739741396534472704
286967769
2680998160
142341327
3044770409
316012115
131172511
330091420
178863519
2212587631
304608372
173851898
56171932
878251351611977728
31820214
754459610338172928
381210193
798620659299524608
3373232345
273442951
956161762579177472
705173360448245760
189909616
182656332
2843111739
2810897381
123289004
359640692
3432959230
27764881
247862730
239933254
53755264
331017066
296284789
37970376
2768275473
160049756
242936546
68839523
41663209
38942132
728359580800004096
933122149681893376
2306926443
267511561
52973567
49112650
2820915611
176492604
819066881239719936
2432403919
2568045459
153211814
1218725053
98176843
173576196
2950552019
205367304
3325166409
376468872
4866651549
208138734
2156858102
1363103677
235427010
239670978
934906664070926336
888248393524367360
223788330
273246542
178839879
848382042194796544
31446418
947984990687711234
200607246
3203286887
2467841128
210813885
200122556
15061307
4759699215
2884444594
2192913049
114850013
2983063581
68446824
799500408771190784
311833022
606670238
1186171370
63828899
904224563906662400
65182451
1314845144
2717102427
4120381769
599812197
1575333600
216925725
2861502450
831289543672360960
172727686
67504237
408796222
1642832552
4330289121
162917210
2322956732
185364125
2275372838
1541951000
235590611
2792288015
2867694701
93867178
2482810801
4323116674
585340932
15305043
831701224458244096
945375205634998273
2302306074
4355180195
50402664
1191795205
50404177
2565965203
2964950455
989053890
3091928149
159532217
339382122
747521024854482945
2644956844
1975256821
3214574695
34110683
794935284
716690546048245760
531302655
36789594
42262027
791453202227073024
2196801968
4013701305
4872049642
34725510
154692419
97710990
726292765
2925514058
1578043657
823892093257084929
707226715840520193
3401281113
284846371
111764561
841262742296244225
167971647
4846284682
705456683313700864
3388035453
534696452
61643588
147403627
2626131610
333817787
770380077632716801
2658259637
901832768597975040
559064878
61066380
951301452
895406707
896167465574699010
1107751447
952960900750815232
40321348
2924079484
3067236245
3018744712
772743793196077057
146059180
4574437474
2784479297
766592408972890112
769308465135321092
741641129599307776
3866438325
879815326925561856
3378106463
19068110
927813889181569024
758337807354134529
1673855102
28415584
52203732
138045766
951520934564950017
871133532810125312
907702634097856512
65791830
732983256765845504
946129242856873984
930466787166228481
74610911
2871651340
105621637
788793653691056128
2986077215
85214015
3398039926
92119857
84579114
116251224
721733406023880704
93338757
2966076375
807761622
68578544
77212671
227094311
67475509
286752556
2339997280
35094514
557626454
104315581
2985084503
1072210928
2855280821
167424265
3900991739
47323932
3359428840
632300901
453673161
887358262563270656
943968713379930113
2372300844
2429777770
24518749
342731637
2980155713
2401995397
178810515
398127826
1104634872
41596340
119295989
