704104996250505216
952742841993908224
2966053785
127941159
1706487511
4656584302
3073998212
2396285336
816828851837931520
603066867
185262862
3359467833
876856419231911936
722924929
4560672257
3342162063
770019570
337438605
933487861
2831911661
154643667
811608886063091712
157748573
3690995056
981386480
292033501
319427052
2716204655
388623466
950656216518283264
543682037
3296568033
161719384
3199062321
732283984382693381
824057368166207489
929956723074437120
146633985
340132007
149238850
715714868867952641
700872790136651776
204058629
734074677593833472
4197260183
808092704701906945
4769711247
186979290
724762789743566848
443729655
753395922621632513
290805227
2713300481
812675495091470346
775791715546501120
4779383416
942724724576194560
791842760529764353
937725071241687040
280579209
176788832
163882660
2482931576
616420233
994048825
196586004
3437565274
2652476147
4591129641
877884232722501632
1921185799
1141262652
1081917078
794824418
4828187924
925516383651356673
174831487
382582233
250621136
383948382
4318644994
833907972
284972761
1592273498
1553916055
3063523700
792457828032217089
3435066004
4159891463
352814371
375663988
2773220135
431614583
714255642291265536
185032089
778388845989597185
162762974
163729899
711710889657962496
150257473
3251273773
2350956690
532387753
2857667871
3152635313
322974571
4585671976
212323455
4342240341
244756469
1666591518
861827108
1110209360
816727661829640203
1122134748
176967475
766642477
40328961
839244108040372226
740659323991396352
839215976176631813
4814754022
887398396386004996
2649509616
818860255899688962
905620672445079552
888909833424035842
52481755
550638209
238221519
1246281523
908778127278698498
4326005728
2205950088
4301775809
2873933971
112223311
233571003
853950045724520449
893813475289559040
3511937957
953615537107537921
4835574352
2824412461
580168745
464075221
109449033
1469391320
82454608
804076303548870657
708595913
237504868
2162459267
762358559220826112
59787383
188481486
781849538931879940
916360172313997312
2517246844
754472967363502081
2278210369
1286607618
947865172445663232
2337452678
920475040843489280
1250184524
3080457675
3918688756
42329282
622389534
145779595
1123393231
927338006964572161
887026117198180355
448542791
721154608576491520
923740022704091136
848338386255589378
1521997134
4822831642
1426707871
888746710670946304
785121685573885953
3259163038
441761805
954328143002787840
888917882821849088
183454242
150281286
2367781093
290254208
295993746
1129395656
363074665
811811996
186593162
1184464806
247598381
955238498612768768
740267968790155264
2992085409
185905083
3930961283
896538651961819137
1243885920
3304640835
3214780971
1936579573
898590640677801985
619432463
180435933
208577217
150264310
332520214
1348193396
187738320
3296593411
1200163345
186685625
905566472524754944
137571616
2736098224
156253838
3154507437
475708025
146937950
105826958
944000141870161921
3893850623
496500008
832007677291134981
2996259340
201851041
211118830
1558640634
752999986036674560
902884315058634753
127045367
812100264916295680
2575696996
545531261
1488808646
812910468352315393
198764222
760283410900328448
753931777
180922573
188524624
940740875361116161
1542328532
733765978279010304
370256146
929572512274542593
77411378
792576413371072512
173161966
131144050
209778655
157489005
492371050
853812623946731525
2554914156
1705896174
131370402
285309264
206321699
704395058125152257
185867553
4483089135
1463006352
326999883
475550088
932356505722122243
727234254376050689
4839826433
1957260181
205863451
701768610
192008948
483255593
203159416
155048609
208406441
4919277537
364438340
183366080
619102560
2966141290
877742169972461573
2477557506
2242909302
117485900
175822449
4924373523
2583177608
3372620381
2319456511
2611454870
187805337
614659117
1458246122
448499584
199679598
188137352
1403982650
923293047990968320
2170105455
838215425284587521
4768252536
2395547340
730808924052414464
842842621605302273
527998156
4255305209
1146768235
1635618080
146431317
3653455396
881167176
200357117
3010300528
868103332765851649
4417368604
90177174
731968185868689408
142521931
935899801715138560
276517334
716695311343812609
1625526020
951651181
885172794752987136
628239218
2940976978
781998256939204608
186900540
703994168
857564822795366400
858301179188654080
353959875
226561190
4269204976
956136932546838528
440967655
781136275256578049
4873896923
4561573520
195855213
1528822513
3083394412
517820139
