184915348
741084315354824704
807402985
127941159
345959557
4595210716
4197828167
2319243515
824995900284076033
3359467833
857006347380027395
262334257
2767329246
227514986
781512342232240128
812675495091470346
811608886063091712
941267524922040320
3534279627
4160526543
238221519
397760744
4729318888
1469391320
716797403920261121
149238850
1424303635
3405190318
185707814
398475210
51559571
912452463411761153
204058629
724762789743566848
169858964
252761388
791419202515169281
201714720
188494932
349849531
2351197518
237504868
745234351433089025
150673380
922227546393137154
482934272
4774247901
886351599387496452
912693859448127488
166506608
2831654913
4498410291
127967806
62911192
845838285155041283
749777565167001600
311039191
101514709
208560456
926944623116812289
819336076972228609
297540685
357403601
767205584022147072
609771750
1442236609
139720630
131370402
2624356467
724773661
2251900600
196878260
282677674
2500762786
1553916055
172809723
859896935884480513
370953482
932058905798168576
713439511846522880
2712820752
4159891463
2990206665
2422349313
32401333
120799500
4189674106
714255642291265536
709911025081065476
164299710
3104881461
41113764
950279562
8952422
866778464044675072
778388845989597185
1556948144
4486646963
933067236704751618
1725800208
4028708099
835174907700969473
169290793
4279897774
707161777742749696
3251273773
70572624
914688199938707456
780468668450897920
186497416
887026117198180355
212323455
1561472418
987784782
764602006203928576
789087324265218048
898206273614827520
736806010287968256
59787383
947960308433375235
2834926876
1428907849
3418221148
143600737
513753242
2848334848
226029875
159314702
185001407
202668470
241760841
908778127278698498
4778203041
851522926230867973
2873933971
853950045724520449
2769280281
903382742498500608
725020471457095680
907602732906946561
874067055292665858
243827202
2452167668
2857568332
893813475289559040
3511937957
4027552414
3930961283
4776573621
345735538
781849538931879940
2162459267
4842250497
189200519
188481486
775791715546501120
3091350599
131361976
883120119085453312
1858885386
229110007
706585919353200642
164884070
888200254297960448
833165915038560256
194164224
432735624
558803330
2998737521
156063526
726944587969912832
204815058
2337452678
4069763853
3394747493
709039606596046848
893784858
341041332
4085725755
851544650397691907
147729745
2475987276
1355655282
186645805
4822831642
976971481
448542791
2729201739
4588868777
891526190951010306
888746710670946304
208543060
331042124
154913302
4104075556
195855213
2588666262
823923668
954328143002787840
850717135378710528
1883863634
441761805
92590985
712039945695862790
157523545
150281286
290254208
157795806
267311995
295993746
824285707
195873510
247598381
745019695074533376
731668275965394944
283772153
1705649064
149177403
905566472524754944
914634354852327425
1137317694
280236873
717384984072478720
4768252536
204968312
3348001539
1146768235
826790347263078402
3893850623
421891736
860441228
172952451
634977000
832007677291134981
3384469000
153547006
60671640
352247536
196435835
868233547127115777
1348237596
711710889657962496
521030283
776570401455562754
798840289
517820139
1888499617
753931777
104495655
2280062120
860307322651934720
448499584
130737724
3305098461
558650243
186996193
406196908
4560672257
733313929292701696
3426053313
873697938870067200
1542328532
424418331
136469201
190020281
4293057442
263127908
753037993926127616
1348193396
1222427191
3501392297
2775975418
4698565218
746453947
209778655
4195191575
577498259
400902259
1431189150
877884232722501632
153867477
836373831681966085
790617182
612017873
614659117
336382940
4466104035
138210581
619102560
386726469
4561458511
2242909302
1579053242
731987182743912449
711661358488657920
727234254376050689
933477381003730944
716399258
187774234
90762993
1380895705
146431317
894473532
90177174
868103332765851649
150420242
335395510
928591533208727552
1096915514
1101532662
4839826433
159179757
1289288647
953615537107537921
1931389867
4228795527
3645151637
359535812
259085368
129560038
861827108
141352615
334967590
3321680873
886274510944645120
2430722358
149686901
1441251919
4155125655
2636121723
88798454
3984004577
3035696326
805022684887318528
288414596
935899801715138560
370256146
174923322
2611454870
929742247
1547119909
833749314887360512
816043171
1323389352
3050749383
200357117
2358450756
1542175100
4873896923
737741044880658432
1921185799
150321612
1922974531
188621747
810981060842491910
139127259
250245966
450679943
732678837797048321
884471623
2802688882
163472892
519497576
776957220751806464
433103947
877565666466910210
363951623
182117217
717722865995542528
945773489843265536
315984735
3297264748
1648996830
702859227367415808
603298308
890329942277447681
3311072896
2940976978
523951502
210975883
1713970158
394995982
145043868
3332449595
893781795925372928
187234192
49377563
211174016
895354771812622336
4198045713
2386393200
1528822513
759531318136938497
262281168
296713196
953858053
2377111268
148871926
289105597
874040274
2605419708
2205950088
208570040
337844609
3063795425
4830246191
299430363
173435022
905037156
226011872
716704107642425344
148523314
151980036
868631456293289984
