31564821
2875693529
3378980441
344044291
2477516610
3407603871
219380752
2868174243
819034668528009217
4898183075
1289956723
310564947
861721949885673472
741260652539486208
22524976
864277643600031744
855839429516283904
928779784234127361
272415116
2917485347
730059579694956546
1173603798
478211554
796887430381060096
1061769432
466853611
3017894621
3438500315
1651503240
2540319445
261259294
918230010
382877153
227394617
913173816
134154752
148046546
880476217501265920
775757452973371392
354484844
697015240827998208
472408123
254659443
372258101
2694172388
3091595518
15052095
272094040
3808765037
795593032632561665
245457329
4711801588
735992274082009089
2453202067
889935571560300545
911610626002374656
763604313344180224
329938518
725819722344837121
738889646231457792
1697885876
3043466909
439747637
323829040
798182986189590530
334106512
2909235112
384288143
259519508
102172463
787749619426025474
2996892293
4883248971
2982543208
2394753523
4441947587
268028438
2577861217
2270830603
44157629
112539602
2180259716
322284317
3713424916
758329795121967104
830865499999318017
712286780318478336
361571023
170388057
3120070583
742744416910200832
2462174598
432931610
2742203506
1132136112
703350099229933568
2343525795
3383358437
104873945
4198386693
724265724353634305
2902559686
1490408534
796126488194072576
2539823338
2424430783
966646106
342665196
2948632835
81240371
526087222
807325864035831808
2986183587
53034224
3010231996
2858973110
370918242
926373361
3090135133
1246103509
451747518
2460547627
810594005247528960
879839593729843200
899799498733608961
4636257634
544624860
230835298
117699834
3377856581
2914130019
4443670642
331573511
74763991
721450977912602624
130050505
2358072368
495446860
1092324535
2298459674
2815517130
919403260888469505
3421124187
1529264076
607376683
3290460795
1029880592
908443768621289472
170026357
474152960
788163420306767872
772327592
837479820
2199693126
2246657387
1373376440
2614740666
815281266165739521
186575146
746176332522979328
795807771350487040
153542781
4188766288
105621372
37511450
2822597898
369679790
783814330307514368
875371526882816001
1033483393
404842457
42951303
285583244
279634303
4911262019
2535888716
1129676371
157428804
21209312
748202305489633281
3379096420
75278752
2272037939
820761337076862976
702044389
59663561
882439229321732096
3635601856
3015445917
396760883
2654676672
2735200750
3221189031
43778700
1592146554
729187902517825537
137861340
3430616188
348187113
829912875535855617
389779324
2245581762
23803190
144675710
1682049414
44230739
806879707283292161
2893030209
764925936949223428
2916642939
614440526
927514414911238145
770182639
835977053652537345
4838280136
3418793555
3392335222
4870567467
3391258174
2584143892
3390980973
173632645
223570038
419631680
3403432547
247833074
92730976
82004979
55899045
1357989314
366763625
79564983
139460045
232966861
1609434289
564747999
818519443
851623047194963970
214940576
134244844
224079511
859082976243716097
3419171524
278286861
3050185733
858803472354996225
66054643
3917676498
47159762
1343328979
3022766583
738484040882343941
409580986
885661228403748865
797076858
4027776280
2169364866
3377941979
812149676950638592
438769588
3665849195
2847641433
41334332
417785565
4615581436
151497950
69920698
386625056
822112555296493569
266240304
362842993
922507334009671680
944685968
420816615
2510967216
886054411633655808
2191053686
2521813033
90412399
2772753543
42954238
400232309
2699455444
392425421
300453390
82930222
3900710061
54790300
30331887
750018684857491456
1003128835
2874337468
848706156822482944
714806172
2564180143
906711446
1289498532
173186490
3940435973
2292050903
4913386887
811734219378532352
2555994013
3615403876
828024305862770688
3186880852
3125403515
2445802975
3384965187
752715108392968193
2191269330
2307635123
1242227516
2589554356
1587110996
88792182
733610168273997824
60626100
215288202
484093652
2677156937
1060275624
3026906211
864976508754038785
917858102418067456
1722802370
4492989749
2951787261
720405039236276229
754154437841719296
755227463005904896
140160526
928106929
837748473432797189
462262541
1420921412
1164877908
233172857
807017240
2167303687
2369988070
712347445775228928
86166781
860241181
1711204081
3369416260
810319581944356864
572108918
2593985479
4520183595
47469595
2502660211
2782456769
710250558989402113
870771203845312512
94345338
185431184
3228546442
3437453169
3381101295
621776150
149227798
928122392181985282
156107183
1857382146
2246138179
2432154299
584304227
701584574095167490
3091489631
829448021314265088
175222015
96366740
1383368310
894354763919351808
455741417
72850180
275770534
4353652156
224024295
32541880
753745587468664836
105613439
92075827
2869089609
2832639159
2169320973
238250444
299178333
2644679577
926274697
753403302386208768
495356457
382865537
1569025116
2586129055
2189054225
218714535
2495873897
2923351162
880015767575592961
3401789152
168267483
875514851816243205
1449719720
207127661
727237562360840192
934159929367302151
3347560739
747579354780139520
831325339070656513
3291141749
66387295
2985991125
2775170547
828647056394817536
1625802036
3226672816
211576603
1363109503
1633341920
3297251580
542846577
724065718292107264
2993642230
2867099381
1107558854
290720666
870405009447563265
755896245114339328
3079624366
776190877211430912
707359723
61370753
1096144880
336330311
2994779237
164493626
24574081
283718339
4330028595
2872575237
705840794331189249
178800050
2272214377
923080584
311183832
866369499263619076
260337586
716347722
891816825423613953
716319664373174272
237359839
1318864110
1934900797
268301225
1161832039
96345461
3262260646
1514116520
310359163
3347010915
53991704
186171860
925244958
2873785385
3051722914
838491958410629121
2640886282
3099848105
798974318554284032
4004873247
3376023525
335379778
3343017028
3303398734
1687051897
926887258422173696
466788804
2495459414
232247056
925110570642280448
2924742630
27733043
602129334
3379898260
2888165163
3006805643
598720152
4322982916
552323748
1478268012
820809577876832256
628636129
287941073
39681140
702299596995883008
68012079
1449607940
67482230
4636711942
124503602
790912980905037824
1684437500
295145813
829073966954315776
2920619033
2813812885
3004611063
596880225
340004499
3074146650
51870654
735974086548029440
700846088820023296
3435646084
58668602
306528477
51317261
1870176852
780199001043902464
794337412679876610
104530344
2820333088
796921701724520448
4905578949
59961717
2746799542
709818843355586565
176246464
82649934
29713802
97995436
180980158
924379958
2327068811
1891084764
405991585
184822620
2924248258
854366281746853888
51662103
180187240
3314181322
169493457
1522242932
333600061
784039872227119105
814301246505054208
151897869
161367509
880594814
230921787
739157930856042496
75413853
3269699516
930180758777532416
293332964
382848486
789191922665476096
368417876
2380549578
329048041
888490737205170176
902748768101072896
792797203
898394250391330816
787782036736053248
721703058783277060
136801392
2204733426
709071088047824898
880572936251375617
76517825
208637143
766804644785979392
2847368770
2491915302
1615994305
179289378
4649728036
165157619
837927336163049473
1201007731
727891229539770369
532309947
152025059
244234906
346753990
816658810542624768
709319138
2510631627
64215201
2922686259
461245787
61857741
714794259606552576
76349103
776422612599701504
319774200
1228095319
149298879
57694104
320333569
2891389677
3296261943
725166534541344769
3346183570
1284375950
4878268031
2961312227
155003489
1571250528
2275240406
1566904302
749677593620774912
3072798021
1928686406
519982109
481736634
155011781
617217231
1252955724
700907093637931008
723934690172911616
140590848
35080590
788874752081399808
1955381252
4040499321
800141136
2937448821
565882892
2835757684
250863816
58265113
351940285
735874828138348544
49846542
809237299481497601
512344064
16879864
2950297642
1569742742
15746953
1262332267
889691801120104448
84888423
813555443805122560
3846256529
1587332390
2657855457
3328518911
809006373614841856
764306551389712384
494963811
4444604980
307070911
1496436199
623395332
3003717916
27762689
755559258498994177
751911731954343936
168337839
73509264
347449601
2885638811
710274580074635264
4227265725
1098041244
2660561088
721510833495371776
1457844540
2341010215
900243049149861888
3615081916
2980652908
722864340
591205803
719609374231175168
727085931329630208
3396413601
849318722
845624096801083392
2903952989
409411927
1578067861
188137347
881677657343184900
2760726447
535057128
75846475
885249943933464577
3302448539
1947937172
4277474207
183598151
14804251
782684717770346496
3655132762
884460974446706688
924056803197030401
257561621
932982227390140416
50181623
103564786
2983173856
160297002
497012787
2512252002
736708934719922176
1334893832
3609109577
733684057
98159119
737392602580942848
793268036820144130
332913416
723995904605343746
177261386
132630226
515616648
853687872431562754
1487688326
367949739
432098067
190642952
319684021
722981807650684928
847372182560821248
466184955
2995200855
840459324
126471168
49108020
106573112
153770299
2569878316
387969253
3236358946
478694324
2677951099
273676387
58521440
227469277
1525367953
631381145
600197303
456863515
871507505247027200
201786064
306503298
3053003240
918830415959547904
805145416396378112
46455211
136634710
821477195059183616
68002706
858416930369277952
4205241833
131989342
82652854
2513991338
2677631224
294863447
761564582968254464
248782132
130552953
2616013688
586982719
789594839881048065
430287892
3060325149
227450985
4476677374
775841307688366081
709065086321745920
74897930
2426240656
615421045
2879989667
485296120
2245647957
2367796615
153848647
1141517832
67061736
2821717877
890624709917802497
783846398483697664
2566004431
3377835747
43142724
49800349
630771255
870716368798220289
413507265
317976001
2343756993
232193562
1072513914
3580993696
3063915479
151648402
3003232515
1205761250
188975978
868995587785584640
971150935
1525277642
85919670
4585134615
1223113398
709077219197521920
590229592
348028716
1134612072
4845556354
751857165145694209
2886227170
41842097
3135233217
2836557791
4057424536
818585228151234560
3094937683
1436269057
3264472569
27352930
2993983303
2298709290
41506823
2823072831
1938503893
44009797
230260389
3395449857
1155329707
35561721
3352868173
52924934
125156475
1937523902
2395104878
64088440
59906266
29355730
226717678
4357386255
4632409577
890180157327237122
324670859
2955963759
186230023
912500560225607680
52123088
831516896591753216
283684093
563204018
55339354
297763591
2199759650
801512191312723968
3008307082
775864212413358080
736253911586213888
735246014769209345
313631382
802315820533772288
3158553401
2877008199
2992520501
748479365831364608
930124847123980288
1113157892
195333402
289973307
799631624887554048
751222996673716224
3198332051
737329034
3097369509
3209399625
2926435397
2497660949
1596731929
713936047948824577
849055561157136384
2259573937
3015377543
1883947664
2482814323
34349708
3793763656
2831531931
2233358713
778013137236848640
752216056152875008
40377546
168908985
67745410
964897298
819395741319831552
797063766
2305865489
4108966787
3418054607
3389450717
476847830
4130847808
2284072938
59852269
330921784
2470478422
66461951
174481899
887495663742857222
913450919391563777
863755747871645698
755487964176773122
4035088101
2434499768
3366862413
2512954873
3471416057
41845968
4789210762
30063407
147208812
789701029319311360
3188646789
168804656
1023106741
958675597
151640475
2364996648
761934454340390912
2886688769
2615517219
4684510033
380995482
2988267238
109069282
715364459099856896
740348645816598532
378167886
619564426
124151020
2920141318
2627502856
26119399
932368277476691968
792031184570216452
2174843534
743064472563159040
313062344
2863494967
44158043
291434900
308789332
454231440
726842338664943616
163609516
1523778710
32986128
2610129320
726546823217864705
50399538
191656297
129994870
847632776371122176
2528961713
307680314
122128541
507645776
1965385734
386054374
870037474726346753
588050028
783086330662248449
714592520949342209
4868006236
851113091895087105
2188889488
2864831487
820417444078637058
2271822760
636453745
968978137
603039647
811340350547693568
820357449681092608
257217869
2872137554
23131796
813556647943667713
406766589
817184830471409664
636589924
85189741
202811832
892099600043180032
123310818
2840826652
123536182
2172400375
78983380
219012006
78733956
2699893323
157166394
211647827
2783940221
2670774288
480542839
1516489021
2319714948
886019958425124864
1876674516
703871534541250560
67592328
378148142
62706661
613806308
3526313122
294208900
2285823725
783134712
83687546
2380869938
103070575
3289528576
366321050
315929134
202336154
1132650518
79590446
1067315809
1551054876
47729052
221455170
2771784315
1631486748
716758843213135873
2922156958
859154903905841154
1195072718
850389546
455861968
3369238678
2282444088
26305995
2705399722
424017384
3135717867
623479898
142084805
1434080316
152438555
49159553
791710131390144515
2359638801
2970681520
286364254
3097814391
262880672
291238125
735147149692948481
3836990957
846499753072513026
728321457458139136
757344844201205765
2231007188
1477867892
809399989487235072
86658453
374691187
65536882
2359754239
183021944
457015083
739525824899125248
82928554
33977283
92526697
2840880112
3393038212
250726429
1435646478
2942158186
926461944495837184
829891592781705218
2954201607
273246877
65388976
763876608595861504
3192921023
3363200945
3484269922
3292070759
2655046896
360344062
313695003
54764274
2451719377
1051145544
803007801324933120
231832168
2865052210
369105813
145783430
67753309
921097100
347407615
2343975434
342393387
878615142
59489095
45282212
2348662609
749014172948627456
4205295879
824435238730395650
711017510397730821
366728680
419659245
48068218
355591639
1096157864
3058809117
2263148922
57081956
3389691863
780061300881784832
56921891
2316044190
8478152
181731030
2582095383
723719139156738049
2159397491
3390541954
1665980306
2717762776
169968944
758865394132144128
868348417
279340396
4526945188
1478165016
869021236587790337
69369193
3131116721
923575097914478592
766782486437367809
260391396
4090879486
71584367
188728775
841881973983481856
796049946436898816
372930984
40872165
2889809153
2307007466
809952470621454337
825942062
2848464387
2757776932
811657600601378821
888219052849733633
3060519401
1596942056
3547782802
508864207
2968663137
1496099898
774910284
2845894119
2482580201
46458025
922886320367824896
227085201
1571638483
2845127967
474238224
182613298
74762104
720313990505566209
785634459764846592
2329624608
762816777994825728
92268905
1390836170
168207205
229500046
836620495181262849
846166272995966976
3067070596
44905912
834464197916360705
112075168
149292310
1633249902
4574169202
803057674770382849
3922274416
126360153
1142236490
389108703
2304731177
2152428179
1678692872
122111781
2534573343
127390658
2361748002
1608969906
3027129354
111190845
788804347211677696
838440911189180416
832254393730875392
1574388078
809436768131043330
883437139568021504
801133895093809152
738329566087942144
308443986
2868311698
2962781332
826480808772898818
884534238137253888
57997359
2172605304
3496435756
2808449194
42672945
14137587
9532512
134457782
4116189917
3081063670
752999864317902849
715281735341178880
3885111027
164043497
738892199237128192
721343328315432960
2743111456
1130971428
885143753081704452
199011471
2302353175
4852540348
2984100191
226404524
767868165250506754
914570421105758209
2302069474
265584185
829496856
1411192436
710196475792334849
825948618
2958876520
859583990226976769
749317175949668353
779099154
3296078476
916176023758176256
58829130
1408720201
1319241378
738837057922052096
760952630722039810
59367251
1858389444
758170788
3239142465
1408977241
802989009412694017
1123200446
60268211
1697691781
867874294617047045
563204843
807443799773417472
183402372
2267970410
913887555891888129
1327338727
774219346562387968
370357543
66837916
201041558
125181508
3046759304
108489857
4449186405
1643756742
1977869682
296847788
62661872
1613403230
846127850939973632
3376244577
1037126078
2463909425
2854135318
52584950
2575809571
775362502012141568
50550517
1735827325
712239982354829312
1145189946
546194304
328248881
3439205781
390521605
449040159
424571316
2772828412
927309276976205824
67634963
721146041677033472
28432238
3355479424
3394527407
784784314617692161
52912161
220170370
47770813
100554945
191141211
2159314153
914786639565684736
3608902157
252194108
59516793
830096108
294175594
3399600532
3496485199
895704953431379968
2581165428
2682708919
3816013996
95065382
759529516968579072
2249548591
3901214235
871299520583348224
822115867110572033
3361127788
1493237144
857389656618541056
893813533456166916
265579512
789202016
129032881
764188341348728832
244729490
886375811460329472
470360291
1621335266
73785193
2745990125
4822191375
4259420843
747167352215703552
784028370891866112
722922508136116224
394168956
46152039
924055400672124929
107148516
632136481
905196016776998912
4386449248
60700417
206383020
319687076
2849094273
921487219
231446021
867455845315080192
76350959
589903399
846086690548715521
2842170406
917005626747867136
4442271568
402944388
756251928888242177
172512273
831911317682401280
29079465
2268118288
2732765163
125715429
812054704985436160
139250204
932956870008082433
145692719
3834890164
864210503907909632
724762926750420993
595629359
4795006562
4251370047
633337218
846405935497166850
194835623
782603487779618816
2316371894
4386564989
451836617
3188934173
843753537838501888
2976519982
268574334
2240050701
2973830921
374306808
3063898347
75678132
3254542595
1141259994
1606349522
2937567508
1163081040
3599323342
26894422
1472775086
910422524
809444404222103552
2252654412
54565216
238574718
16285145
1427235446
770972154917781505
512465401
611792733
2381331201
2792020793
708284431514124288
4228440204
2256897810
2203582542
53921745
876861388299358213
437576232
1016747202
314668502
815253202400608257
70270636
4212274486
49152986
748360446680371200
154551389
317240622
329384277
1918234154
3121713735
4573069529
2990440972
596692472
106279922
441346189
574572148
3340397991
2694267674
807226247336067072
143552392
1649041328
773974873416884224
2197444468
2852277725
366145507
1382945863
232947972
87506212
1403613926
927260713495785473
1703170746
891091638814224384
878085931663851520
341915348
727565259733671938
753663139917524992
1357139473
2364677779
89849111
730194179989606401
533663815
796002377287536640
2318618386
4797053453
816668235500240896
412734363
849255232324456449
357952775
920060839813697536
3011527191
2250748964
903192055
767624438
184020586
2744728822
828260541298778112
220014124
2478959172
218600936
78058466
2188534434
4527104680
903355742392119296
2407187399
828231241921081344
700828522244390913
2377254674
776506239484329984
715401811
2365967747
386677530
42533644
122757872
56463385
248495895
2201564913
531873750
864129253
3064279318
536508193
736656037642637312
382705175
840767134808576000
100659305
285242013
1930734546
3386767210
383170555
2369638448
910355796
1738894165
4161920657
2492587649
916041020969816064
2261506843
2938349854
4203584794
69779201
294745985
2984834405
192384479
182428082
27173800
2821882241
4260465934
908442738634498049
1216050594
802562834
35810163
1348182938
876392284182515713
725149848719208451
235392360
178412337
279083231
732247599303004160
292127756
2960124141
1888838912
453331799
810882751847088128
56604754
229312218
1027103911
786367411880652801
72064524
757535370
779732827915059201
2147879480
2260471418
883397806068645888
53301253
203647675
839061762175545345
3669842115
2969922993
75917294
517850561
2714608502
356482745
898753879730515970
28685868
1015050800
3035635529
2348550210
2472762807
2436023136
334973380
354471376
70019200
250176361
56444787
210951066
93772100
292075451
139917295
4141925170
62411878
122427173
2561987159
1135749296
268874064
116272562
399054049
743193077540593664
1954198669
62889786
58082789
205466125
824069762
282601658
197206647
3539631917
2634066608
3397892511
137075450
1008925178
771784563769081856
867892940210937858
3069058960
73197732
2801813543
1611447739
475153318
1468210704
765317930166935553
2584691380
827020678515785730
866396353483739136
2582983373
3139212839
510239179
231791645
65961056
886609034765316096
286818158
2790083697
872137199957008385
2264724780
272201011
339963669
172801474
475489800
185338388
2873787329
583929975
2362697856
852967992703025152
1307912918
1316606294
2537678043
2683215600
86992309
91830105
721126600708853760
15697807
3427170574
29327589
475294481
20689003
2765150489
1161570716
377429455
3359901161
437174989
88302508
456750920
778424432100540416
518863425
2996447900
3536519956
2678039928
20429957
1436812441
479997637
263509446
3233911767
174534263
231188371
495228820
304111526
2516816096
779705551487897600
2413357782
4319117200
735643418639106048
260714113
821896428251385856
742206834350673920
1539247495
905072499968405504
4134259762
75793505
719706503842832384
832525646488297473
2868214356
1081477668
808878184829685760
1719900048
53772029
2968537611
427774528
3234511342
52166949
487819657
2701530804
858043678375497730
794693193736585217
614539097
2356850249
64488514
1851647678
2284987025
913100875115241473
308579372
2936073988
879401554926764033
783371596589301760
1683991700
3013601513
3663916157
42062816
3837805449
3083292553
761699137507188736
2992137813
860044326
101289871
367862932
343626135
911714951512907776
2800943655
722641262
811915305119268864
4806921394
2937709035
2205508232
798328591398342657
4563318742
745900382
301109258
2205370513
297147621
379174641
2940723646
2627503306
3968481977
1594622760
429194662
851134985243418624
565891167
2182300973
188416888
2408984055
2505819672
760833161815269376
987474374
3392974401
2840217868
4585703294
2551136052
4017594089
2557543950
3011045614
1680652410
104620103
2533215763
4431709655
514485501
786953594973089792
4020132695
2236546537
832354990668791814
911377870303502337
1923616393
1073207731
782714608477933568
210615260
892782135844773896
928418346
1102266787
1226275243
524313774
96794474
861828524
3894942251
2722375534
3412978948
63593843
3109114023
3492209235
492303253
3549895163
339407950
769638210666364929
329310644
781692634335240192
412372804
762789218498318336
331724647
1546473510
602858233
3351403300
2599177630
166999687
2676004726
162385449
61938390
145027894
2348373139
1470195096
858576931
904765806
807193041538793472
720086144315179008
2190963289
1886976834
176515553
3904724059
482316894
580236768
585957101
2927366925
1426586960
4885235799
879036646766907394
130336488
812453944354082817
721379326650945536
3051476363
221498422
218727188
763830000084774916
3043314899
635694885
606823539
2432791243
119527102
725155600993234944
2442380091
1668122892
888587412338855936
131618008
268596867
634977705
1020522890
2358818083
3007008826
344237786
2804788292
393079369
26069493
591379553
58831649
3041796783
2188445138
802408741282975745
820108853371162624
115114624
3344857241
1022874992
787059566550843392
3352461935
2945301603
63752257
123015325
4319726307
218906896
381281578
290025686
822106177
747483020186226688
1267639766
2242493606
819581595619381248
4078444347
219337183
143527655
200176524
563232566
2604354588
613363094
841772305772646401
204980379
1532458910
832151749
146152477
2733564448
1061321977
604743793
759855594303950848
3007849228
799003026891489280
8474122
1621815158
716673068
932264166093742080
629586131
828737286468677634
4547662941
753169308
849032671682596864
804450634820894720
930144059531956224
1428991050
750428871938408449
729675042569764865
1723700412
923569644
2992967386
2468120993
2867553138
2740383780
355798435
513371358
902181690507976704
297132521
264309556
3309547060
89906013
747889489956249600
700592217161867264
716725318837485568
802259507464327169
354391391
3621940589
221825561
2457670582
2205250614
722802721657475073
1393692870
1536740077
855448280
741790082361876481
58231899
1716918109
2561527081
70490263
379739211
4214700430
891138292472832000
3335934520
2675177149
707747577538674689
1420534626
99764045
3502556597
1699829329
90509576
2426223716
103490365
834491147636572160
2241519715
739308572098469888
4862522068
2776562169
863096288
53362711
878293092016812032
566832643
836919600205942785
3020113089
2599971584
321082033
1460334139
43375890
867460969018032128
1385833909
1679217960
2894927884
111328470
16974856
372212592
1316467189
624280015
1880579144
65080320
1042653997
710490426319495168
1525424713
257660251
918987470427119616
1544464105
2431661951
3254124831
2588599195
2844575256
66848259
284652016
3084708273
880629777010491393
768169788031979526
869538597719994368
14578408
701614357675905025
69940194
54764280
768222412735479810
3025629041
844321449234104320
954551802
746151974765232128
90208442
991919071
54304432
473063965
2648861107
522717549
469510195
907360975417999360
3439891378
2984293245
744962757724880896
4237281496
810644545872547840
103888715
2844415760
755429771106979841
3437377929
62290680
259422952
947978196
1526264406
532609476
391016322
709780546801500160
3929657543
179288299
2997086033
1554955374
2271516296
58930813
3890562081
88323432
2271006514
68157500
239357698
257951858
289865172
126706046
2283084479
777575770755624960
2251003743
2171543338
1262481212
3333530573
201018270
397246917
818178504277762053
1198730940
41125608
450822157
193450283
70824535
206126628
892362489815584770
390237416
3438124449
1007514360
2874028794
3376302185
2884584636
233961970
338520168
1276009424
35542003
785207666
728637012727705600
271595569
379320103
2199427091
704153631545806849
60224416
2987870597
329013672
4034251205
3234240990
711268424
202823708
387648457
3669734423
926626242790658048
52898004
3335619713
455161353
3367128994
111682464
2957886865
29005161
4867972037
88561856
463904527
560869909
293870762
4601852483
801656018
34270241
367279303
729794842683904002
714500361785106432
3432154653
4275622401
883458083061727239
190808413
4173568401
2953858403
809582409138245632
1101452012
330972545
3317618397
884742313
177626475
200617016
766612171
762786126469931008
297133904
145914388
868679636837949440
2260157373
56505581
119887461
3733587315
1112949432
2254017691
933536279534465024
4043133495
1395149298
178000434
21899055
314774564
4090746196
180453610
778639198907662336
1245907052
697727418086375424
2759474559
87520170
346910168
1912487738
440893668
708660737007292416
1626302107
1140709766
3448164262
169314251
322686182
126942778
1623291835
235821846
891063644922032128
929518028794056704
4065112575
706187298807926786
825924853534486529
2738371222
1631556984
724120177600770053
863459952781910019
2700927279
126635481
153480901
53457345
4827660101
2636780924
409637474
702126610753966080
524996113
131630946
3025111504
370857477
1597064810
243730317
923921717675864064
862341205
1715799164
545538527
1240017991
298055231
866855348933722113
884089139171381249
826136008374759430
3264703695
839967733123088388
95112062
3409426504
866801995239366656
56583428
3399613972
716416281143021569
899756952460427266
32846769
811024394478878721
333730467
199719466
4464298174
932279032003129344
2363672381
806203226844491781
1337007878
3308092725
347585004
116486172
904723651383238657
924680436869222401
1440071131
521909500
557761635
371507111
764231307639525377
3798202935
31102405
160325548
2349153463
130318461
388682775
743216910117003265
215822684
2159391698
755828804438921217
3255190133
101293639
633394031
378336514
1324218781
158787058
1197152616
3082207498
932064012975706112
4650597555
134544372
2421111006
2751974655
849790855150002177
3742711827
3131159255
290029338
635886258
737154470
3057999861
920135443
3949779395
297580973
1008929304
3379799319
2765626917
14749788
1176113341
612093316
503433438
136458952
622478767
2221780627
632240620
70850600
3049594529
327550146
596961161
3396242153
199334266
193505155
983618042
193721512
173602197
834912937731047428
397603197
750209715775373312
276084775
890345863024967680
170056360
360212881
182467115
3205637939
2704764840
912068145514414080
857462307907145728
223950930
615139608
767523937962102789
2969690951
897210489951989760
335635782
789429007343194112
443264407
351218428
2451692706
2481953297
230501699
247483591
34696036
2218257916
568438303
4442785936
136862716
528965506
10888272
2730466421
891512511677292544
805614464
2753198595
2876798086
863606810
85959808
902207958418935809
50352245
783070369045512192
277983672
1694051528
221732789
750508299552980992
2982187445
790347204775014400
925869684
345554410
38011323
4875451492
2696702496
2898184096
345474812
2909781947
2818524726
2569475997
83202573
248248402
74456143
3344350593
758237952455606272
34642873
190823395
1495631868
175840805
2924257217
175821439
926508532752617474
2153144318
521404583
581222253
382461036
2769902129
4828020405
4537479747
3881433315
2963057128
773350189977534464
3428855146
1160572988
3015285076
1665759282
2891403033
714456662799736832
22908422
826398896444305409
62404627
3294708033
834582386163724289
4048043385
812065638223056901
1370479705
2348559391
836471401183731712
399605624
4816980142
80013804
3366727876
287946012
2889365286
726526375
10909002
847399533004824576
897828054965383168
2203340641
2821494917
4798955414
236091313
763345827104452612
1355551009
727100272762343424
2296142004
625104737
970519460
1374822188
261666573
488904072
633846135
852515342740049920
727621887161937925
152781814
367728839
129346358
75084028
832293584636407809
3583020075
183346337
723255686734446592
2633452188
1384605378
2790364137
117533443
714798207855894528
277118491
2843475976
3656852133
4906099917
21676304
2275267381
290653909
165455891
741553418
794216212070879232
922145790
3292272301
2868252473
445194692
26369844
190803516
931259382096191494
4061542277
705378738930843649
2998567372
3857492902
1547870196
2945754940
426210366
866298886339653633
799753721873895424
893699030051684352
902958363889283076
2597123707
824311702699311104
2314104872
3458065756
801489836
792817779086913537
52243399
742748636447182849
87042194
729707280757829632
2881467523
551156312
55873982
1639450136
408895602
821835261810245636
45108614
2550562203
152082118
791275462202888192
344163669
392847235
321646806
1635670746
370870888
824100618822451201
793958500355502080
2654340901
917037803208355841
14627734
794528567619108865
2463692125
4035365427
408348341
2249324774
196377392
2444699670
1526365735
753337707410194432
892053188186079232
2460489969
813421882049437697
102846466
121607816
2470311061
361514372
66796856
3355787669
57176354
18633314
47878215
770822271002898432
443827513
405492958
791331179144351744
2257714375
815017280501403648
752314108880556032
4390184007
2309906162
704012103640809474
626470405
2381065250
879801077192937472
3363472083
898126820
3837245595
2294565834
2207482004
2413148228
4893881585
91121218
2214751718
288926072
846051396
761318413629358080
2482918274
854110481602281472
270968922
297070990
2972381085
466517185
321582969
267900081
354383900
2935760847
737690185194983424
292461863
3119679665
2946331024
201322289
733740024
3379633978
3988742710
743410447
3064903186
168184856
27943685
625204441
3505609157
4524556474
703758842413387776
3307499842
4114429402
814941854668115969
721515243290144768
55213613
958012351
306347285
71919832
66357889
991794714
1670428340
32940700
819891274186625024
635876889
857443298847453186
143977332
3185175562
2769079047
69710284
324068363
112730598
3239537566
43893903
270376336
59675283
3437375439
795677657027452928
156389921
1855440019
808307811713249280
314039769
17525431
2183698628
288538031
30282652
839624919994535937
3881582957
1033067010
420542323
4458606933
87329517
4840564413
900153380
275750476
707194338422497280
918875559412883457
503254092
3331554587
471665479
3174239013
2696853132
2960944162
2806120125
514624956
315490070
718980990
145857788
2442771840
908106485137379333
2955943582
233728399
704076293399257088
135220823
3433291833
4886422185
258050349
330377425
803624029143834628
586830812
63305381
805161589
325773232
491643943
16475987
3004263106
130680915
479679824
62548341
710507833591263232
482477605
1949425688
282727615
116018620
309982660
2429844475
728217662258593792
2421530715
723235559418806274
933034484710158336
1700457194
863614124202373120
90758023
2663986364
1445114533
199775965
3003363107
928651526071115777
2962198810
2662810359
36872614
3435809559
115189122
763862245860319233
598011487
4850106094
1584162540
924406148
33106805
139876937
357748206
742774317310717952
2954779918
387846879
769362641303310340
213335453
3271285814
126477838
54749009
779396494810030080
3390109361
201760676
78678513
239915489
4571461877
432999995
732013169284153344
3321941098
784521680882401281
774621538989596672
731262163
2632449987
1557085332
816778354368057344
702137557086240769
781541780
181190015
729299515535179780
792429864007729152
865297349513445377
2493545988
2155646077
151454877
2920710821
883445556407881728
2303519244
288788616
3061960505
920114496
785890139323133952
769594863197286400
356535405
78430749
721416812462739457
139096577
4246473855
751432656265568256
592985465
80448648
2731790598
2192911459
2710374755
453408735
2779625629
327970673
1053048403
2196334154
613702111
141029292
760652706096766976
100802037
803281015
237876492
75156167
48129674
2377525090
846835537394708480
141758734
782565668763889664
2233545024
344761328
30235413
2985880487
3105151421
929742301953486849
1380122749
2978937689
1618560781
2808078497
70575079
4333497987
2614280940
735580999
2933630523
1621002577
933312297518411777
3308379010
1032010255
163679371
182068044
37337629
2343827772
128741411
1014080509
1271549724
2886934780
432986556
793940173843234817
3611998335
2421039373
3905255782
802670654537498624
256753029
85868008
234222702
327683365
2563919032
796451599174553600
207353607
786383997509046272
4527962669
3094628001
1666048350
2447947064
65732239
65055340
3518591717
855588535365234688
760616313161125888
461032683
389809925
923622986980184064
139088037
51760818
82695256
185901412
4159896435
813788629734658049
786099577363525632
39408953
27136529
2536134972
751932360
2848678163
395695939
698872872853512192
3077474667
235239251
4799376147
719918053010640897
2163110083
368950383
448012153
85924350
705484588873867264
729090544257933312
4268098037
2943028246
859109713421766657
728365482974253056
329880011
716340316291403776
86795560
768923912566476801
54638226
2772774706
1003914908
2590832561
865935756145065985
2889164879
64524775
3289425736
545700259
319621590
727335235
46655532
512675688
767742558
251927511
2338724660
303406413
221872708
2838159825
774696414051991553
388447516
885688605737463809
803328825862062080
2870806733
775420594707894272
1674130218
169725023
806237943304253445
546007912
2302367567
792699951172227072
50750099
792229520694706176
2155724280
230370277
713792190309404673
2654937880
1053602185
366265765
479038663
2480273175
218885719
163050229
2846502669
2741237488
783494686539452418
2617532956
395580124
2740339877
22666418
156803318
31006795
882975579607379970
65767477
882556291046133764
2729989079
345523017
729196927510822912
2374525728
131996449
883480240999329793
488437402
55562313
48759104
65265326
621023836
268010689
750823334691086336
176500736
880131963025281025
83035438
880872929772396545
120775948
754093739056984064
2907097390
237634658
320500724
224298605
903682632021663744
72952794
3433729516
2648289821
195591807
2283892788
2928957406
1426716758
166619323
804107040964640768
69676572
3789661037
899853797538893824
107541162
45355896
702526009170665474
467467549
757003198414675969
4174087005
830514044851322880
2989932782
2721172798
2996521415
755514432164392961
308771758
316106210
1604481320
3352331391
620570496
2952009239
138221952
60676946
105050995
160649156
755593925059047424
1638908540
844003718
203777661
3158578946
1697119825
2364412674
1735663700
88987700
469239186
796803620171841536
1426201620
114543012
15501301
337137132
2965100957
800339723247964160
305324496
3590048249
721513396101914624
469745296
386809525
751116995756777476
219805377
3111713842
805311664950276096
167494922
389691765
785555000
1364957076
912097276327317504
294918070
565826802
319099925
230589262
174314291
2874499174
446517235
599080107
3863553197
735987104979812352
334605869
705362914727882753
154320325
934833000604368899
2682027045
1949989123
1188071371
2718271797
1604354611
447383784
421458203
131244917
2707894632
3025850777
272598235
100990012
795770112511004672
496041661
737318633634996229
67988320
2878237905
3021737398
60080948
736620840352161793
2892074789
323341541
519957563
413956685
220922373
741041634
195083637
338565515
92878494
3333501058
1597174926
323259767
152830371
3347157399
2993593804
133331620
2868997846
50736323
120249178
1616484234
3669259222
52647938
313255354
2761332022
72392948
116611825
2259116294
315897843
841454115926482947
207098098
725782654277312512
139309268
770127603365711873
4373594897
243763688
1460885209
2846692539
267960441
61378217
3373310871
101781714
317816224
68169774
2289923053
131933651
843135376931872769
264600193
212026050
58029820
247783043
269401474
3401882482
41399568
40461757
358359946
594833239
298144853
728030151439691777
72986748
828296040809893888
1556187108
2918806102
2571928038
2213088203
2931873443
346135127
785000524064100352
49315012
738509811378225152
1292750808
1518167856
800325739115462656
821517693404741632
1928406126
3434490345
1695490250
52320604
781243021857853440
107563816
761303782823190528
38327643
833305116
1289886457
4563647481
93984433
2166974609
400069035
1556377466
1107182935
47984479
954009223
799348123554508805
206863678
59495315
3938168494
50017906
885879294978920448
3044309552
3251804013
206705638
2823289101
739210077089988609
780045581809057792
215307437
4921428298
3078705716
252761685
2252288623
380020078
83198147
883305451428958212
3229468949
2745570123
1069812229
3968728582
894700652517052416
2823202996
22510685
1374205662
286886766
3421142908
2727035668
727686162404511744
55119989
1083856165
183501699
183483949
103991754
725549758027292672
2684792114
319022098
296204868
2334949309
4904946371
2202043813
2229322677
3313381090
2721417303
2584637340
781605498
257119538
2285210210
343718141
104521939
827549880734343169
723459030329495552
1608387326
2426259073
2576085884
1246361774
4429173257
15813125
2780604281
3087054354
24212409
111910093
493323889
4861924597
2537591288
2280518536
1613525006
928016209664249857
266198978
764460803219189761
858033473965129728
95728711
81948392
1375941661
2944627673
233935526
861028675625656320
2293609104
266285419
28659952
3430669023
3304022133
1026603404
896354814895980546
3319686333
404471557
1566978252
2826156184
3293299947
325121488
2538439905
77457991
886241588518805504
1604713620
819684369644343297
1655841637
3071395791
40487170
101845150
353914273
909234556259225600
904483787467362304
1240139461
705910425767055360
2882864415
2755081365
148834624
826161791591923712
72090755
762076581506453505
69123444
2853617441
3037275490
2450314009
3158269379
459268029
715033691
67778641
33977998
2179736182
1522905265
438612056
1884257389
32655646
3435896139
187706766
1642120099
751054010979844096
18090710
967142996
4025441967
883732484546076673
279560946
4881943858
746457041930227712
750105834454130688
246461142
98901955
85362144
2779049988
295269822
1643486328
1435744802
9798362
940594334
1335125408
776168657919541249
522611049
833934025
893187601
436846556
2523463820
56941025
3352415416
609580394
47425829
724723895102779392
109072786
3304355945
902950868294803456
2685965694
1526057905
151710774
26825230
70142001
3450907456
16076032
929146705374777344
1180166906
276607848
2435414040
62400761
2455798401
2942193664
506276552
1894705820
256526257
3247659940
835555507708571649
3001806033
776514474
1372034982
711779125
2798205008
124902849
3325626281
1917129084
1186985706
3132009239
838513330079821824
67402486
337929073
2819659665
14293530
166791447
705757626462838784
4706555133
763950880936779776
1475674562
415711543
1625900414
2511407244
383926086
499912209
417439676
25680319
221570600
1015794290
4915172279
875918741799915521
452618742
1117802336
3623515696
67685758
431571316
435981194
2289013435
483282272
18224488
3092634454
66699899
2615336139
130973822
65747961
161891097
4356007895
821045312743677952
1470899395
4055183313
882692574
796172211316989952
2891256336
922231515307827200
871769839618183168
924818688242569223
707302581194854401
3245912105
4199139959
760523683811262464
2728625349
813878976422748160
776589089843843072
866853916868259840
2384120576
711188642
716853629
852101939303206913
3240420933
788764345459236864
588501223
876953533500837888
295745034
125844340
76151957
881947631697756161
762646656
553778347
1269253123
348149543
1077917544
513964928
840051938
764473941238898688
877194199468298242
708081310418468866
880789675664977923
163280177
4595078191
902701304228847616
815199939609432064
2768320090
3323992630
3962294297
3497140877
877956801618116609
2148755566
2785048334
19454218
1589192904
2846966608
922926796508749827
900532572882599940
3429116259
4854952977
816327598569619456
3300912923
174815740
719258456109236225
293153810
2830431711
725165820666601472
213417133
156683726
277805319
187872441
839251180584853504
619269297
169165892
767516242706108420
231922201
935204201600290816
970405334
4896399365
1175917682
521475810
1723135512
563335610
220446400
100644988
737722444203593730
342653604
68272337
787075311221563396
43776273
69443732
59473739
3340301494
309402629
2451642692
800360197315121153
1479411062
88753650
4733728397
613621680
1875563108
802719101357588480
1326958574
932324958772047872
68135084
782739869646848000
3411423874
2840770967
2995191755
774010722
995870719
4717376667
75655804
815961833412685828
752292937329995776
3402988967
65712363
764963183765356545
2509017444
509007911
3337444811
1284741630
2941995916
333446911
776823349
34090371
2185040797
493365358
2308981054
98221749
2821657738
110272303
4905564837
549360705
3996962855
36980927
42338292
518503058
2432403919
3297781167
2366491345
61311824
116847102
2829683118
763769712228634624
3416057644
2312680554
124298941
3135056361
1589944548
700717963138220032
65775443
38189257
64033467
1083058021
634636352
2830803132
1724106379
73238585
4864119495
875777567789375490
2989907660
326568152
4558301417
2789139555
1942341674
2329120872
3070532673
17131981
286934563
304616490
1856183791
209668298
795429121622994944
706087200
616803365
923672852
3305032961
103363459
926121343745130497
3010522228
780566710554234880
2161205874
506681220
3422392209
2149465351
3038292154
2612820057
2591767802
2438919542
714213309143195648
200629711
2573967658
450035108
4048762696
778678834442842112
763577440811843585
795476047349346304
153230720
273508776
826604836728762369
85505188
166328091
55926480
2475879534
105624464
2447866910
49019726
2636113145
99817207
1183313948
2300818030
1344285194
2273392679
354622635
905564503076737025
2930744771
909954204743225344
870704118272315392
2227971928
41571949
392043419
265015808
3051342909
3290670962
305008622
4825983304
79597296
42438215
2710258496
4279773375
391527312
319791553
2966080385
303576645
38488706
309006852
42700408
362157081
97450127
145835435
826083686055571457
41173528
1083427368
209827273
2921360878
212704914
331950319
1141022395
58594065
735147269759115264
126650514
1684082874
811245328938729472
2994452007
1904520518
995743201
30768891
831659226179182592
225470756
1109834946
3519726314
814634002141286400
40003566
32528624
2747691793
28689905
759077953372295168
144937974
58084472
1182942014
2460430311
291999710
280017505
2685234010
811385419602464768
2843848175
2869647669
10268462
3930295455
3153558413
3064567559
147225001
711649014
4198929989
632103664
3375158146
328336342
819686551789727749
322293751
298856151
2529430883
747757777955733504
2999955533
876652638150029312
3184000024
707963148045836288
237437419
3734230577
40081799
320409251
1115344808
3145222787
4854435561
278116739
861695360707817479
933155501587795968
930318034241310722
321677101
175259443
482344443
742745505965453312
3292448086
2569950267
872896424429670402
769554914
377654028
4253404966
872204214872748032
1337974789
911078234
2883329219
4514504122
58043678
901124948223250432
533237295
812010938727546880
254348941
4238487760
3480675149
799401038893682688
510848158
256606661
919196934992285696
2732868045
2342117084
487861758
895029112548544512
18437112
2307683510
103897288
3957384556
2750618680
3064293976
2320880854
1543981375
4167918869
1947651240
526947669
1072562294
49788548
850567189732220928
599351763
87558839
868577466310328325
4845964498
287280882
460232528
24555419
104878175
3428960583
77542701
57680976
909582417115123714
437610545
2230159507
4799951667
132578161
91592531
194376785
2342475134
3343411595
833520224850890752
163655294
879823603373625348
189637178
72142232
843605555889487872
116534358
2768568562
326522870
617471453
912996541
340660551
363976705
1973544812
3129761718
885718304
750639503413575680
363811301
1914880338
704691698757214208
273007300
124611341
2614234242
3200868784
449319826
1334779542
498882108
3073338434
64435794
926909678663200768
368626279
770414509651558400
2923259025
2460314960
188037609
595653890
41109627
122520499
38691797
884044481644965889
121259371
1583231593
1270602014
2932136512
1206280310
933714580634832897
3129003445
1344707430
889800458
830501895932346369
2691579844
170563328
3430695136
479780704
819329771331092480
2978733862
707683299829944325
397635259
4143098027
322733176
3121767641
895658247948038144
2824126606
400827747
252571810
56751710
902696196141174786
2932053623
161447252
2310030162
3019004501
3247305664
133420913
875369734333771776
308689716
165255221
2366052150
4826021530
2892097623
2174930346
3917306600
367182098
456195103
3366263764
762037646680006656
84382731
3762003203
2545345414
260943324
2486890637
2756654441
3084364048
1340321827
1533987397
2480293392
2642742903
84499840
3054218371
1184316908
167967723
116024214
106611469
2460314780
800188666110840832
3394614581
100823068
4873021522
1460575896
809123748590850048
2985655479
544735795
753572615491620864
2361358681
2759198442
845052653524668418
3491737455
374424196
3229278003
3090162389
874783233329831937
2816320030
63351989
848216707
2904170321
290365850
892509616550162434
784174910780346368
1967689836
2678006888
869687969912901632
470326239
2889718738
860053063
591492797
370163047
233359245
1107474284
787282280561668096
49144873
793901313629323265
2610246032
925916649831718913
93722695
1531551764
3306004179
796124553739173892
398338586
182853766
321648585
34370931
54455839
2740346980
399721898
184756716
813496137135046656
886019439220719616
756494535115571200
188572451
858201863484735494
2257041039
49741767
763378744937574400
620512435
2562452294
910535186
777551120264794116
860614388969074688
4852324653
552308266
813514152585072640
918968862368034816
4099199475
2460769260
149136055
278126598
51346566
766106638478667776
930218102482194432
4595150489
2197310351
198225421
234065578
764797063
3344409910
586109024
103539425
193096451
1589394860
894392665009160193
1209303030
2605984177
180524067
817592682096824321
240346409
59673737
79575971
731971002817744896
23123766
2225732061
709513800630865921
4484670436
72468231
2360166640
480452259
371377133
173570299
2282595067
3666966736
2172463214
3825940864
84901120
911450358484029440
4362530061
2396183212
3547050496
1287472496
270156060
358339453
30093231
352019980
1532511823
1017626604
304612770
2987588248
1397829966
2417943301
539056138
298762005
734523199816372225
2550131613
742070674529890304
743952437736771584
3387334145
2278132298
2843835167
157821751
2374661572
2571725924
710644635081809920
480516128
3138977470
772824598891069440
756141695058649089
307534088
195259082
3387743879
358477904
2889585009
178896132
2212802695
132164499
216217150
927221926443081728
924054936358449152
750009559293501441
871046863
848864882384613378
273459108
2885522181
2897594465
2795370869
2802756119
863723161
811297233786306560
717877085579173889
928844654207995905
8366602
3436244680
786259839865479168
15896379
3415181133
298617711
2828214263
334782431
709660232
272021172
107500258
742551504779890688
3762981689
2330122698
337924736
4626556040
4785737835
220468156
734923574
869571383596077057
881259223
133005726
929931298596147200
3012055311
2950018835
194710060
2457017370
60773390
3313079164
2925230238
103739393
4897995274
36123802
2472736288
1720593938
2683797303
1368176600
55889205
4418616748
1412842141
2340347683
2225610703
41697305
798702751299633152
753949766510342144
590018062
2407360586
4895533749
887079065882169344
131621354
3295341876
866448231621898240
2821899346
573134454
19450299
2518821379
3430638376
3407463820
3084349455
4842037655
336533523
244531219
579497168
1699585944
1699889329
379475361
62841422
63517873
1454350153
2588212736
255148404
180524799
427810248
316771422
603874551
866435542996717568
57360673
850457156319158272
820281664513384448
869446659050278912
1673930390
40480792
2282645738
851938273794633729
2183329130
2760371749
807387636625240064
740428748
2521711236
3016323106
115779911
2176442897
3091825940
704699303013564417
2308949936
76739553
345525234
46214529
375670513
805077822624698368
34817555
854164452383612929
2234778091
834833007701852161
3246896963
840583040007077888
4331580447
1931858228
2965418783
3226640565
1949829985
352737217
107483754
807720103538200578
705543692199788544
882273604611825664
59891349
2990245714
4862803877
928265433010069504
2612305538
2738518035
42361572
1716962042
2480367727
1588790604
870669244622569472
710832271905988608
895652331940970496
337321481
761332300244193280
838339321
951790363
2869504264
42133254
2258234247
705883204
1456978866
795227365995581440
3326881863
923226445
4691446334
3890974353
254652267
144930741
188330197
635398468
374742777
371373722
1730682343
3669286216
728738882926346244
1633055162
3161658243
3866740516
731368202798792704
2557478483
15963214
1915964233
2429306836
3134404496
840023558302642176
2542545647
908189237220188161
892558372834357248
1932340730
91693635
896881742363201536
4385557653
1932806052
305257567
158722400
350838943
881413190
814246738596941824
64277320
239764166
1104599942
3432755595
1555783879
2485613835
466024627
242098375
292527692
321719193
243445653
4776833595
787389459172093952
768915938456506369
930270523971522560
914970649357176833
74772911
53391064
892773185590087680
3175024787
344949573
883849110918451200
385139166
37539946
4576340062
933353494844788736
701891810
369168709
158174583
723200787569098752
2467614855
113927529
1253282328
805889092949049345
323264964
1239236527
872918486
92158755
874217822196568065
876240129681235968
2382825535
109001644
235913009
718632374691610625
118234231
52912420
169698993
67378346
729322365130297344
743159026364612608
728739835163377664
2269175173
851372137860476928
450203723
915319686790819842
3385955823
88675584
2941453203
17574143
714432204080865280
34133267
377677070
303284871
1072380830
3330775151
332001302
1729483170
250233741
2967800631
704100027
276266672
4827434234
471990276
97706826
53607973
727971432601427969
209040086
146278722
709568393473609728
2151831885
244978806
3877802655
2749659524
716045687251681281
3234035197
95911088
44140770
163978569
3432125199
967144627
1001408408
3342808085
387388534
46211730
152033155
2373548174
2379568333
67967853
3174796516
73265010
2524403153
985709514
2957312314
330360706
4541597600
56880711
3369483329
755220054116007936
40055566
3027034006
119127061
192668626
3302183295
2502690604
62135938
141342193
93470550
3289037074
37186670
725095158660927491
624951809
29616021
3160917712
1565782501
3289319567
3407986677
615555187
551531313
56866247
17242983
897997557040852993
272612074
363996309
927207352474001409
201870743
191108687
308697242
763598360720842752
822101460
859921289175289856
227827406
410213680
386273245
65073516
824800204184551424
153195523
170728879
2786536455
85417860
4883828763
2332106608
353352011
916864661701709824
280715781
3422314090
83027593
621426943
3305745143
22385445
255054095
69446372
39686312
2564525838
856928887191764997
743629440735903744
1532165262
770100406949179393
41007277
2939074024
800803230
2294406193
841039561589456896
2201301037
2276667109
329601877
51724836
1645736942
399592657
1027117255
842775858880352256
359627045
3333386297
131386318
982901287
239358577
1029225696
2798340289
366039065
63202850
2737240672
711416233514692609
113179353
2559959882
893586880427675650
821869322809344001
1138651705
722571783015161856
1432594920
739875311454560257
232392561
3268313550
736801250742829056
55651334
917176136261660672
2274149205
52794039
197233264
734534492732416001
2250587829
4134110896
716014634331930626
2946242908
91378701
2746783956
1265151600
2823474521
2563528196
328091147
966195350
928398297718550533
2276081365
1726682191
73705030
738932630893264897
37940105
2706416830
3031186116
42107300
913229921073451008
4699762470
275300188
473956705
756637639969738752
2853238599
819641041728970752
166192025
605041455
788551055546126336
53775350
2767982895
1222669116
31279759
713054278026412032
99562803
808465994679283716
3291576315
1581257802
3761794283
864259539503370240
8373962
278000059
335262688
4765968661
3073934732
550511258
344910483
352656231
2258788013
8559592
363235609
4119988943
2396605334
482121844
881220404874018817
757575172656336897
51739744
877624602704441344
172161382
55440860
3375094247
106862085
587143044
2724350848
73832710
712800743
345649247
48576279
710825443927130112
2968203808
327440175
820207253873684481
902608661415165953
3431644865
106801206
934910482225430531
872495480697225216
3122081206
158468363
713561316846395392
828083261591130113
769526390890856449
864987585395011589
467875902
1240018758
54638355
4251616060
851741132
258433566
3880299034
2957047239
2538199491
886607501306851331
706911490960465920
807025905604427777
2234079500
262911156
2583402119
1942034076
1634359561
2273905225
4101114275
3145923340
610349967
234583582
238194114
148528359
48707673
850773404424818688
465736609
888750584114839556
1458319717
1447665072
1476274838
745804047312093184
335020426
277171542
59961866
915787628
69386013
578478219
3376765529
178819498
916309849700519936
62437550
782417234417311744
837105848736436224
2620054252
4079305505
162116909
28149608
187360837
230558044
412660480
4660479454
1947873211
4493756387
815956389382287360
573207765
3657514275
2389008899
28181574
855193639
779535088715456516
369022647
987252794
2888091483
845663144894742529
168275691
58371391
398880543
3020706454
323379132
776915950113267712
3345735569
4028349621
108322986
523667263
60667866
811649985678868481
374608087
2382399906
3160463517
1111849794
316393957
171549513
2783198494
2462349318
771783943582547968
84956664
2462730417
3004363025
347506318
2898235295
1759890042
831274152627679232
136732410
760604497924284416
3501034396
808789188212588544
114156120
52803149
236491197
221537736
783483249679040513
567806841
2864739183
709108189971804160
739447393
930548448
2866481236
2529793167
3432994257
732714941225013249
184215089
884377055210745857
152805313
55878498
4227910647
372025595
103933855
2561981286
81855132
129520913
807734454
783058610502983680
279116898
2182415683
3078953937
702329313060855808
37255966
2988730414
2578963213
54407210
3302031964
905581643825647616
814988407
2724289450
1327444212
130294247
172958644
257651482
880561136059523076
913074756
60151014
2808782902
230866937
263950186
144846064
2752005881
4868800661
756595985132953600
300450274
2163664646
83358332
4421158755
730912381455507456
2288630068
929077705135575041
898380580592791552
231887000
782308645757386753
721528951
37271955
107877306
2361342440
2295077371
857780314525118464
27152664
746566453952909313
526955013
3307143717
495458007
820128073454645248
752973014988386304
3416400885
1620103076
3120568197
801903049858043905
2727720766
85916099
363846785
2325604446
2314192589
537877656
706562844955959296
3349554515
2911151249
432753047
217126008
33023097
768773873819090944
229586994
212792175
343551529
927182722795233280
1917295549
2398662727
921904074705993728
251613061
3866019616
758722558808166400
19476982
55896130
2828176811
293800686
17550036
905813479835217920
779028290069794816
433547896
822935584079482880
3647509457
326966402
1259919414
325756194
4355415136
912048144321536006
863453935000068096
128123675
256135147
760642824979222529
2615491709
3692663002
933961925012197377
3253077004
3188756907
4430442124
237910290
2573188339
844359256820383744
312831319
877712939205218304
913448262023176192
859157425525579776
303451713
811851876
286839370
36206294
2525593019
606511091
394984145
1476031530
2862339093
264561499
375892031
290196240
235412580
1680699756
607781277
3414062608
2174653475
820476139
2859671975
40719274
707569279219146752
38680825
884218493868093442
286316096
3342275619
788818211139715072
786629439346139136
378852775
1595690869
755556979561693184
56732461
3428900842
792378598757900290
4419933617
330674686
829488715
379954792
1345471568
793735913784377344
3289941267
164119709
1046661276
755082129902596096
757731446
275130153
320924887
51457335
2876915727
4898261585
3378935668
3437804140
90755369
3097349295
592245897
3713291597
3398800169
1445068038
296292298
8492922
4873027065
128685083
752294072
2352239944
725044171074064384
55345433
617171715
1562136422
708490819813163008
816375957099597825
117253551
815279989511913472
822487611705004032
922918257560039424
465606764
812043554
766712244
2153954234
259408696
747873525244039168
2561742678
542848364
895502885466902528
167642674
789851612785340419
3486883816
1010106030
3687903737
1641459841
58698196
41841978
922516138420064258
129987471
2828479631
15321869
53530923
563203732
245576354
1220087425
779267164431851520
1275746011
93877801
875752066089701377
490601926
2305690178
823194031278739456
1409057593
2922384970
1262049294
813050758665007104
1568322234
61290223
721816579990794240
359569903
633921007
75833332
3308719486
2414924413
2604795701
2906752673
201853370
2236861724
57901281
151370380
1020874692
109887944
822149841946079232
730224536650665984
883440992334032896
2740298912
2986859290
3312708298
628847057
329152860
851172564
716162323694616576
206825870
28106074
108284542
592092556
3078056900
2283494192
2325908552
3399418671
101003921
326923602
3959545217
3872962701
1832995130
151468930
69389620
1260797113
2214706620
55121887
2321466781
55262283
858878809633894400
368591669
136513584
28283076
892479416261062658
4764530106
161344708
874747267500126209
146578617
12371472
3529331248
435097361
518548979
881656015665729538
1408465302
3302049395
30123111
2741760922
49406845
2296774189
22924396
747902945363132416
178417387
340904807
2333687959
94385431
903820338974380032
231143950
297742485
293126009
4771597101
485942137
47196807
40555052
854768849853583362
252737027
920740438046277638
229068321
905991276411187200
733047113651769344
814188125404753921
4754100509
3290413696
516095667
63298369
70225502
564322941
914133475413958657
2892574486
1942552669
273060872
38705930
919634992006881282
4916618740
907985227515138049
1494204726
802695492157181952
36060786
3291831047
2366093769
2178210390
828626652221546497
37537427
755588451110522880
607734259
68858551
1851508183
2742887416
3035361791
2165581351
3613253237
158432187
238172707
1319379278
764067035307532288
50434164
766263422
1323330145
4400498914
818536610581147648
880133354288537600
65414030
171668952
873131534672375808
402245030
720698038046605313
23159524
34402373
2975559658
620623465
176618654
908739668
66837020
813916522095722497
1632818798
757303388505767936
803340679745245184
1624214587
3086524820
243147679
245171891
27282533
2769313336
2823192436
2844875161
210897042
24776883
48057474
932327017
244059655
2267947281
50709947
180354699
746367413386682369
2887021685
80859759
254614914
28188699
324696054
3088336750
867045212253716483
38942027
2988521014
904542076666249216
2610656774
2314017318
806578270049341440
103100682
745082135313321984
1468288303
3014299882
840085808
890456202198609920
4583158515
1961704129
3363174766
624038238
363523642
329240843
44963655
3302323552
37792409
764485164
2590575734
3430852078
381151867
386129343
164391567
913400927398264838
77388138
3090039929
747714632
711690278323818496
707930378
4769292567
1723059469
919079811347337217
113056347
752571244558573569
3308778249
738892958288740352
977712294
804587130102181888
3053168486
894009326834257921
184645743
90980899
2569889306
716045474256592896
712111952445751296
323937044
91154588
829352756028792832
3343069001
623959411
847878258213433344
311127298
2215121858
1110184172
33889654
713170974057897985
143623002
94612859
2391703292
1004281496
798645656537694208
347239502
3104648495
332435119
2990214250
408075048
547002194
314895047
272582126
144976708
331933035
205988891
2444573876
792489036
2540641873
1051132764
3768618616
438053019
968276096
77784613
3299828126
4003208343
75887951
699048619660414978
854557806
810518370462351360
762639798364467200
204572876
1106123526
715708677521612802
122361976
798722998152925185
816854548891496448
328169707
137764549
2575980294
2820029937
943452151
888042318019874820
23435992
3385335615
783104723847176192
63210552
750009149954678784
3370190055
759082696727531520
1592533879
415506426
926496451085176832
2210304195
105133629
3115367235
993445076
153924176
729006573952090117
2455605715
3312004571
2980194364
1403845340
818294703544303616
165219904
68246020
256027683
133852918
1126777814
2195003116
375333996
268566191
3732858015
2783650085
367811124
829636614
710904253431357440
912728136
3771819681
158418024
789891726768865280
893848950113005568
3787584497
114313185
716426972
914167634240917504
102214365
24029607
3495122536
330544432
120129680
2335574467
924482192
314820776
424591446
2867604999
2507673583
397016355
126801674
420752412
425844586
3080149275
286528244
185848126
2284866194
44784674
594198971
2451441738
2952213605
423360277
4463443049
2875395634
2877358215
710598850294235137
2832397389
273151642
3245762589
3837724522
2216258137
2377778911
878093477757816836
44504856
2992470461
146432354
466935053
822637662884528128
244101706
758753044230180868
421143290
798296490452127745
357112721
871527118148075520
2999709711
211870993
1060998973
2595420631
948643927
80199911
4730263055
1131070970
756304811239301120
755628612624285696
847109284450222080
741953642
2207395929
767083823481942016
2785528833
4160419516
195074245
3135288427
2456818273
2654670636
392933807
459710157
3368484483
2243919106
705692761450741760
3073056743
1798820202
1242897194
2789112639
26248569
448982887
89802498
3068859189
324461708
107410751
911152586908225536
3091471035
31120503
4824862581
3198135950
1104704515
3397817206
462896076
899392311653740545
118873427
244339387
548708798
4176237143
4013976736
4515412390
1634285340
117546490
942089258
2986151776
58128710
283289802
1075628600
259843127
271672917
382416326
477036360
1158554430
33577062
760962834247348224
61128975
2269598046
3177593523
927925130097020930
87484506
940398048
3437381488
2199602780
1472062369
950250534
3226321251
703304267520679937
1242654948
180829244
384598282
3345083782
42415369
859492349419954176
829969074
816246335741509632
74709317
73499343
3645241756
4034463448
3387908639
919081136646696960
85125867
76203294
704125007237128192
1495927298
188141778
884146730882781184
4892737293
486591357
3806907317
108838107
2535453008
2772969497
457106788
2895093563
159213372
1526308112
124543174
50121027
709998691
1242222464
418153257
2903920401
218178673
2439089264
40703894
62404118
622167407
319651555
76667608
2938529428
3941112321
2338320576
36398061
939548588
1625890716
942371568
289637622
4887882438
92511256
1270418858
847152574973329412
172763667
65239389
181776150
61589527
918962486262542336
1408955682
408915098
1141275098
1876581864
214657942
108452883
2170855076
920801294083870720
3171602697
178056070
602184297
406523613
779285132708573184
2514099913
840580887901327362
231948338
275822684
42880078
1709595050
41387277
3930421834
2343799230
1084334095
885205239716085760
910158517797081088
766641463715360768
242124394
1193777450
26536367
255603830
552711502
2427556096
829391293876932609
1105042999
2495299560
48772674
84837186
226195420
24903524
4486649476
701757895952769024
816678304484888576
883301449
2534098091
264211336
712363619997114368
89667020
43364363
801441269255966721
2157807096
349821903
2445533454
614587481
1247376588
3636129377
3001614490
817405341642215424
32201404
87983121
339758174
19452762
276741167
259454991
350358106
751205720436137984
387908903
2172551521
4013198303
932791490627231745
335584266
16782757
250627452
106390031
3225893351
408672107
877326572977438723
1287408277
707998162
383506985
877589557172154370
811310591289737217
3599515276
327675793
1137185268
61949000
1659202530
739264806
359495513
778028535265067010
398857302
2847286073
342273544
541974901
174807864
900173677001658368
2713691397
4010096967
15808817
266736212
927989105056722944
2169607012
906207975467077632
220059940
914954684976287744
65533206
974899892
3127674207
756845881836597248
2795414721
578497339
366678649
2584551733
2161362673
2463894756
38004984
165376433
732990874863407107
2923389550
736684394455404544
198879188
217997625
115816471
751948869915799552
762835303862153216
118276222
105208197
2534324457
1520828514
822386306005155840
1112355300
496325944
77052305
1729942238
4849886775
1867984076
3249092026
1917904668
43569519
46123944
836542771926351873
908730511476092929
3374391299
194961257
67169471
215994974
74332189
381124746
182190030
720727024722165762
2798096678
1845142856
3152241490
83745451
157467692
583335736
4595210716
1212652417
19350237
834076177937604608
3024114711
387187281
2980654984
2854985303
2976355257
186297103
3995342115
728047431489880065
1061092531
119174769
98929520
211259990
3508557143
711272074564780034
3310063691
411726250
372554579
924066228028825600
739813601305845760
3094251997
2882753800
780564198354853888
2297065760
2697492441
57043431
60950089
450670297
714881171004502018
2893936540
824407081
71237348
2374426814
808375628600905729
4818657664
3110475292
187722594
2706153280
812272707047985152
801934762252390400
1281342457
2715671073
335494867
225899337
2358825543
173880798
2447442883
908387428959911937
572843753
3181654025
795283009708720129
383797731
728958566565023744
847979405049819136
189991180
874710282098094080
237346213
142106451
1349415204
2823093927
609506026
178856508
36565944
721882455045718016
845275571806519296
80164050
626010783
42602926
1947638204
4253705056
260894013
893522591721324545
417234317
2939655393
176872380
226286866
1180084724
227406211
2154305598
45008862
340102389
1068643632
58832129
804719669101858820
328091881
785520715
1678584115
230527589
1169531749
2497244064
2863907409
1169925062
811360849
86645198
712418910931460096
79853458
2261738820
816451887071424512
2362971661
3426952691
781168903007395840
406844951
1245260534
42155661
2398126611
835570133808648193
124212933
401987924
857041892185444352
316621833
119486570
3732103762
45994182
3379628213
833521174428733440
743943120
2663166588
3044952022
164335624
4172798116
16567282
426666977
174064342
115038684
352724370
1227324067
1658126995
17874641
711693169327476736
2621411182
1723858988
828968587863916544
764508504262672384
739943771534725120
39589400
829037605
272699714
53226927
913944597356740609
934048915493654528
77905326
2952214996
820522434499608576
4552172476
305226907
862368680277147657
560638005
1486561730
925812229
282202548
69042378
121947581
1606982240
4130480536
888890473032626176
837632077755518976
799442755
1639234250
373000277
1405786693
1531446002
93968726
37077373
109303317
77580067
223536762
716709344222584832
2960312643
503654145
185865914
634123282
227403392
28235035
329827020
3226811769
3413528589
80171168
763870225309822976
774218262297059328
713812730382254080
2910225352
310592508
909429569295351811
763082116821348352
3323320756
77906923
4655566113
4548673816
31186760
3069023033
2472697299
59263570
1273121328
1836351270
1491736116
34149609
3423057695
2511504661
1172918124
2187156283
56459150
123629246
2502432807
898721616
3002376495
157088374
262957370
874863602481713155
755440705150001154
872564054916780032
37702452
2652047894
1656755059
932333760
2828305256
768871399771480064
1281130782
4895141967
364847309
3636247223
805232352045760513
844731275692969984
1656217670
26748706
114612097
4167140836
58595304
43167222
246970678
776675754
60657614
1145532943
3995757921
869549616097894400
927928253968416768
732016589818724352
1198249135
479727588
701258800775434240
168798413
737190516
2730212917
745010620047720450
2654669477
1197533209
386339542
369115885
35620229
796968624
835582313345974272
1081051838
2173152608
844250701979176961
33360934
790169710058934272
1898722260
105648036
4544251095
218606697
930997525
717442336238780416
169964377
15692857
385129349
182573469
2903814569
305790119
2773396883
2779355824
226693920
879503331470843904
2784504714
2212520864
728046388613910529
930693894
1000020763
2273662333
3828260133
2850684987
68162481
36653300
2665758588
3400746227
179582818
882119046006702081
1616238246
44215194
1881188198
252643181
366380732
46814248
2364861114
229154800
141350928
2396660755
726822701160103936
922484489028341760
50824369
3612925161
1874006941
1250647807
3000548954
764591568015781888
3436317227
720605605
293211191
68836402
4903530772
47105050
910694394
1228884894
3369877223
15833278
760210521295577088
3091431887
731661825637531648
2970159094
53906136
79311662
897279690070777856
759045102278807554
3054426158
310462403
330682495
886710064056328193
1881236916
3799387396
729409003
19779457
1395480002
3070966473
749771224201519104
875719832498569217
3086430864
1334540636
163285900
801886448203005952
61129056
2979243670
162090856
138888114
382620672
3657871815
933820424051404802
86432836
155057305
2637883295
289062921
74041035
4578462141
750104378560880640
2214894642
3301869578
234115782
928773624315764736
2968483107
240676070
39367634
53468857
289521712
503837745
796180188946112512
2599053097
426241653
804957738
75849763
1107517634
1670737873
1598722802
1140056352
773633846
108086955
323970803
746112824535982080
49301734
1924771916
583811333
795424919526010880
77807920
1242361716
1158428810
1126207345
3988038701
628654696
710029328
71174650
3234119914
807926118619693056
1390242398
887795837136449537
888957181307047936
2559424885
3395653709
2904457132
4181365721
1213964095
1720820305
37550350
1350993079
744302477864992768
224840629
1695095226
2281543339
723017564
747086476702289921
1101057709
1180562269
3045165189
747207986058264576
2187020730
44907583
67158382
45267555
857713351195066369
250914491
4397872535
2979592270
1469927844
2466133712
917010000
210574655
407131345
388603842
296935974
1311434917
3309681605
597573130
792372362
169948829
228105484
37552857
891048267756314624
162061840
26655440
916503011907850240
854794874
4475774841
743274552642379776
188133770
2476820525
977204532
834829165908152320
933063803205537792
605597307
718953744424169473
4280383469
56933850
240909109
785558262339014656
2981396243
807224807993602049
3435457197
2465954038
309015546
48888551
816037224336805890
228870309
788464094915493889
186285366
15208165
1140969960
94844746
276168356
327477333
2810272247
229625682
809784606
597537817
276189623
1173872755
820992922929811456
21066836
433022859
179932132
244860094
275795583
399521085
196861734
2513577815
3979645875
2950255137
14904591
3378351239
543802331
3171887848
304243291
559857372
2602505283
576043014
1668849727
933117158
497165023
928808403610361856
470423935
630694132
336063176
3656296581
928544369652719616
89288202
2196223653
781123808
754460491687272448
2466451993
543975231
4792005158
52554284
498379634
485755263
767750668132184064
3353199165
1373231035
800815548372172800
598745777
3029301857
877320399486279680
3711528923
486126921
851857226151194629
2493626077
1554008443
184601509
230278216
810178962
1420578889
803367459990409216
48845758
828698367303811075
2565723841
200344764
2755022527
769958346677944320
1096433822
281214293
523663788
624289574
2314950326
3518689402
314830978
80151980
815762014366797824
55615161
3116251750
725347620105949186
713839036822106114
2794288885
873986412005269505
54220783
61862692
2857950239
848974279303737344
2958576039
72855308
2895139709
557736323
2506954263
2887926983
313582332
342366627
2719825617
1348315668
234021949
774801775681495040
342170815
368641063
1648509883
790380678219169793
112203921
720122027
545550341
9983342
2520055133
293303177
824352476652572672
863902930025558022
820476449056497664
437926132
52619985
28453125
1604912419
933462947715829761
406452170
2377858238
1260573030
343892113
3655591037
4386043114
70827765
58095122
850751266812833792
1598767368
1527780662
787626960
289632175
69373723
569504477
44721209
1732439072
46177894
2435940793
2925855901
2267913922
847844733410041856
3100715651
4867548280
720350437
754352533162844160
1648464686
785280442903715841
869051597216784384
887119537648390144
198365441
734376154669457409
2897562615
126007874
2919828339
2298688885
2196823511
30717140
421266217
4825942174
52851672
1184099750
3630180972
353744951
1736921216
317318143
323278374
164678250
880790130
4005846977
528730934
211338824
400949670
193480208
852743612303527937
2567065280
3018939826
164689285
1928634362
96404452
2771579145
713618014
40297691
154139753
132503689
95004333
69457807
88438416
82605437
2320238079
33668781
139692862
4451035815
93103164
946531428
843553641478983681
96743201
1475412882
1668975432
567687865
820027291468267521
2367970225
3352633923
325860322
40168534
1659295772
1276335277
175053336
65734643
708450484353429508
707234149
247319119
277687891
107441483
2699021898
463429516
447637767
1723620002
730549790090530816
2458666852
156377132
976931677
134895250
3425231553
1247888078
69591242
105294756
215848540
4070833083
126775980
154549130
862311267813531648
3290983611
3192194806
3122747999
2661270694
188174879
883169102
877310915196203009
54627047
2297906856
571260937
349374178
71578397
836363958516867072
206800165
51801551
33373061
516758025
25512750
928070166
1483097906
380396007
3861811941
259033604
2372389635
97662208
119112847
605890596
467883258
2764429433
3127943260
995212010
80134914
2346221432
400834480
469331205
559179031
125158691
344314769
77558104
185811102
1345557938
4927019182
123413340
386225197
346912802
1581558492
870329198803550208
4900650826
2743378089
154323482
3366907731
188960923
158892904
2881612125
57375518
2604735436
176942454
28008004
3318312598
879275530973057025
302171456
172638560
789236131179204612
123754308
1240032050
822095519824707587
2411596861
847056156
29542436
164271643
2257078597
25788404
903182748
4550256681
19290405
31037763
783371839418556416
65432920
23069552
28158387
1918490359
3092572929
467615508
1514976025
3327618612
792556230
53989839
2421475383
60931410
121164686
71304458
851983047260073985
179734092
172615469
105254732
211974098
238338718
61841191
1395024648
841344465742774272
60592244
735286885489201152
1345384021
3054413568
1621987418
166331355
228828849
772983119339200512
126459796
108090092
265202123
550508883
4083971356
2949923169
31046648
3938445497
238296680
3078568677
111337884
2504028867
166237741
209780012
79683161
153617334
54350356
18397620
1472993221
72972059
27411116
378876105
76804430
71828586
3242078165
109410460
34114499
813891318346870786
222991707
84698627
154959917
2741083479
880676378
2966227091
153894642
333528011
831984579246436357
759677136751955969
903050178898382852
1717183195
2267959122
3439927762
62256608
821878866817990656
820247619347816448
79862301
930040016184758272
560483705
389780613
539481269
2427872318
329071586
3352737359
944890754
804371538598305792
821563851242164229
3383741141
283709543
465695493
378761205
40541458
736040680271806464
383460442
138597175
291391465
58670013
488464917
297438855
39541660
210993680
69052743
50867332
289625956
336721060
39342717
58616476
3421338119
103043058
67475869
3981258171
3433247205
3019037459
118027672
2244753614
495052132
115384311
2552539218
285178234
529761021
2611453900
800810704915677184
51074105
15745104
48722060
805925638431444992
424417906
2902483883
184440898
3346745464
39473298
288900120
1553513011
3325742345
826967387597594624
144240309
58020982
390745744
560715258
907435319498350594
3149127364
66533532
335692980
874829128310173696
620152169
67382496
177421464
396706834
33370074
148757033
1031861785
153027597
623244729
395011753
852645143094185985
601398533
774091068300226560
795372855479455745
168908312
324108145
26559795
74906834
3354309813
604318137
8160982
316116895
382188536
242384665
3605213896
33963831
893869816074973185
28450926
3378151253
2230246840
52366178
4093768875
117144062
3690720076
2843202539
2577899094
888058829669380096
2666112955
340567264
294946677
93435237
1963768362
180518447
910181970134564865
33897947
321059805
4596967641
48163599
53742246
103102221
3395939020
22708389
373491996
517180626
72849180
1132775083
57702539
225809439
252713227
711645500244692995
1897943072
978661993
21088788
259862638
711320859089178624
736251259594940417
163544301
137175579
732966696
3117135419
16419380
116508041
18033893
61235866
727917749603848196
97242553
885905019677155328
1483545066
938329532
544219132
179762455
315506045
1357571948
346651240
130594937
899749411
127595555
149605694
972726277
1571250186
25917187
74331378
891400153604775936
253293469
443887894
708031117920698369
101630610
1084163330
377506167
854798991464300544
1187322295
63622509
57174123
171535660
727255341575057409
2855868959
3396266608
285213859
2807615190
220662781
3368234410
2500491441
137863598
782567452207091712
832055854270648320
56178167
859017149909786624
2985647331
209256131
2657495419
722856312388902912
3044812606
42082164
3040733967
65969379
40600406
824251441569206272
99980112
385243410
389787690
103153306
73780162
14673197
60595839
2246869912
262032598
54582865
1566897242
1332030889
471090694
1530229165
2405509840
55709021
562400135
153413061
865236600011321348
90007288
35106176
108786116
860115272941830144
759635987685318656
1170048870
145833754
853695732385230848
3273005199
2317732118
69352408
3422802004
24729312
65773514
278539641
2546283805
1227715940
735606985605931008
125492493
70298604
74641083
167854343
147619598
26493255
1859204612
4765492639
39150596
25614229
2840674403
883047052510457860
1011367170
18995713
3459398483
265128619
48790713
1209975084
23572242
10957632
873519146931294208
4230842777
2363005315
198754464
50197347
2484813552
34614750
2670905271
371462259
145410324
770381217464217601
2726549880
196320338
172211148
903428269021777922
3436887027
929415917456515072
1029711092
347417832
420976814
128962553
83169815
1342587938
575735084
72068532
278278249
850451186826305537
907178721492312064
290565936
18189978
241355024
3309372917
74799555
2741674619
350930488
42713248
784817852264185856
200298697
855138399132504065
438362289
1172371878
10536952
60389051
42256036
1656463152
61696119
1405612987
27724657
41953295
746332960337563649
139612813
3625791856
217896897
87472605
1355061972
296417629
158874220
2809160986
63823846
18973367
35792477
97120066
718884486243618817
3865981648
243252204
134233281
810946542752374784
241624760
2934729298
1405733814
711859763290710016
870978655614382080
200718386
39837411
1663471554
188593445
1069311422
826983138479968258
34375766
3384368675
70139140
16294017
353967952
825389794226270208
34675042
18583228
24582500
823480981327855616
73058790
174471891
45362185
331279802
41277422
53761997
181761613
932621562251042816
125647702
79324013
3056998269
36492276
72076257
44739031
3411863500
740202632975941632
413073951
288611080
895227350744543233
51053543
69055617
34402291
3054379735
130233687
16603417
196450448
454495033
3233990438
71189702
17084356
343820098
134821215
49845202
1327852177
298152549
2193223014
4063566701
15742480
75772981
227865334
139708549
129055072
135730048
712457584205238272
753823212
