309175281
152065659
344369760
949122398145531904
772109110309453824
69995945
40764336
1630911204
73177662
290493454
3378068637
425447486
1036713216
176618654
604562497
3070397903
39781535
119378104
139932849
3431958881
59026317
46553495
846455246427770881
230558044
2504623969
131197124
848317269134290947
2632787063
395011753
358483322
1185877482
834247778
2760398831
474118167
56733955
2815603840
239358577
2582347692
137162100
80143989
42082029
2770698271
228841892
436691393
74588631
206353780
191691141
4442656636
1532355481
586033644
414737809
1385719640
2926192120
3732419595
53588316
2801814928
3435896139
266198978
976999759
2605560932
51532284
101537126
758061320
360344062
3005433635
486740532
178134489
136283147
1640896794
772350342780612608
2194339223
1909861
2735183691
905402113395740673
80346080
2228572326
69996848
76457733
86562604
946441457229074432
59221686
791081954485624833
1358220187
162426748
4390536141
941082461991260165
872860933
285413314
1356765876
755926817266106368
770651953235894273
755767561275465728
3227139263
836453622
1340874499
70769457
110989173
4680282296
13301912
48730666
2189967503
746562650386083840
360633463
79453663
189568357
951884625525264384
51204411
155691066
805566597943492609
49088843
167875827
154010030
134849192
314016045
238727586
56456210
2950506760
2244850302
156776848
845970181444812800
924835710980493312
2211963197
373690505
2408060714
39522911
126967491
267358452
110566226
146447634
398992251
1920895292
2652813551
450997032
56700335
80898905
206538611
1347969008
779538326378414080
131526172
854537276860354560
902506567416860672
438359792
751790090704285696
849223002738892800
3710735968
891685116199804928
4828270217
4493400615
58653694
349189254
3289491082
2752648705
141195854
2684792114
858554378
66897633
353771792
805401626571898880
4720471881
720086144315179008
499921253
257289810
946205272707616768
4235282783
62380024
888110035712172038
1043902080
3266320782
299766828
4157233097
329327082
2227450143
761805494
101003921
3119584803
843228940437196800
159871056
365513024
2407715149
216370632
3293990733
823572441213575168
587469635
712382647868235776
201033868
207069021
4505111913
1483071254
1037974070
3109093719
30876416
1006248133
1226200597
33648947
131672572
1976720053
810647326297624580
2325231946
899420210259734529
946456171933822978
1172137124
83877984
65724198
710608464503029761
4904715503
1507813940
52043337
4785080715
165415484
625954692
4441313069
199357345
225151930
126510464
3081050015
454287240
892553756612718592
49053776
1909239847
719246545154109445
1132169892
482475946
857355568272601089
112795172
579497168
1068075205
488811765
943397610
200523096
359569903
1924424342
826564812884815872
723962616
2935262518
45418484
374604853
832586633568464898
1858856959
1546952630
155141882
181711747
324068363
991655263
883127799107768320
915031942436917249
507916196
27690712
99644390
42316731
829113852298133505
2600362639
134140812
4187909913
2296933700
723637836147253251
846544863562792962
235254127
32545698
2900493743
2823093927
85045418
1130716142
946086759355514880
376177628
712876406900973568
2174653475
52240330
327581707
2913537295
187966367
140136626
