956199403290791936
956181057996455936
954393819495137280
955193555429089282
956291395119124481
955580432422178816
955535617605193728
956266426750459904
955895195928813568
3293990733
956156123618398208
956178751699783680
956221720989446146
955928809697574912
956166300832804864
955495153204191232
956165539256242177
956109138794295296
955907485965193216 
955605099660881920
956231236787294209
955598797769453568
956214331938615297
956218837703319552
956217624211480578
955781080115761154
955238498612768768
956134567949324288
955466837814161408
955527663841669120
954181259374268416
955801381906145280
955957093735026688
955850826823675904
956190948245065728
956186416295366656
955820158341218304
956187169760186370
956185100512841728
955475701213417472
955974312716009472
956173710574194693
956176168423698432
955781147014979589
956136932546838528
956169363844837379
2666863453
955185141713907713
953615537107537921
955968218253930497
956158400668274695
955191646051819520
956140714110410752
955219534281170944
950515749587734528
955902149896146946
955964376787378182
956181057996455936
956148515016790016
955160481878159360
956147660670554112
956006876772229121
956135338992439296
955861340974993408
955627127218589696
955830470033526784
