1000024310
1000550612
100981789
102558273
1029137095
103426442
103429207
103658336
103668450
1040543773
1042162524
104361436
104975481
1051056432
1052479411
106246390
106477524
1066122696
107161211
107682490
107803566
108036617
1081926001
1083382944
108369439
108420116
1086797335
108687161
108939971
109998110
110454744
110961946
1110208027
1113033246
1115548771
1120610304
1126937162
1130192869
113085851
1130937530
1131804608
113208604
1132726146
1137015991
113881028
114094027
114493275
11486082
1148706409
1154287860
115517005
116251224
1163038662
1164091074
117041966
117850750
117874545
118101310
118142816
118205942
1183521331
1185912751
1191512527
1191795205
119224232
119707496
119731647
119754174
1202467543
120769795
1213311781
1216599770
1219794020
122110444
1223377190
122449640
122589576
122685235
123401322
123981946
1242507955
1246183014
124839328
125733329
125855451
126482733
126664704
126992065
127283945
127555549
1275661650
127738165
1283287765
1285742862
129236993
129919422
129951373
1303688012
1305446390
1310912587
131211142
1314394410
1314494432
131582307
131756203
1330298760
133040622
1332074934
133413241
1334616002
1336638744
134572878
1349175188
1352896610
1360626758
136884044
137039219
1372920818
137499405
1375239859
1377408002
1377566276
1380752052
1382049384
138621725
138703017
1390581312
139126353
1392120913
139593881
1397688913
1398653772
139873062
140502540
1406382516
141461824
1416827660
142078024
1424714929
14252397
1436364403
1436385162
144010410
144138963
14498644
1452826022
145416668
1455100327
145755109
1458514188
14594617
1460189136
146194591
146308004
1465692656
1468215481
147099424
14724835
14752477
148043552
148382040
1488745447
1489019983
151265609
152004146
1526212944
1529551249
1531602908
154543445
154684944
1546922455
155293238
155610897
155674026
156420488
1566153900
156838910
15699056
15710400
1571701525
1575132918
1575949711
1575966272
157836806
157871601
158167229
158525630
159314214
15998329
1601836363
160257210
160399006
16041920
1607198239
1614027871
16152698
161817783
1618927693
1621415210
1623152054
162512612
1625301722
1626114314
1626475891
162700858
162782927
162848085
163220293
163714942
164007194
1643750532
1643995267
164538791
165569796
165572870
165972185
166639927
1666407470
16723444
16726489
167425008
1677010788
1681957052
168285369
1686294037
16872315
16874038
1688997252
169082533
17109389
171483132
17236932
17367394
173817113
17474481
175110796
175455437
176499125
177000971
177036761
177353360
178307421
178490026
1795655760
179778353
18080679
182461601
182561268
182672374
182858634
183994401
184106132
184107522
184578309
185042167
1852099657
185240991
185620232
1857932012
187360620
1873654801
1886616704
188863514
188929983
189549639
1895575304
18959966
190665466
190843518
191818761
1921104882
19268911
1931400138
1931861250
1932485498
193675583
193705186
193900428
194136351
194413940
194645058
195092618
195121122
195458943
1955974026
196191425
196280157
196361380
1965191466
196651173
1967191002
197605384
1979148698
200376161
201722586
201764268
203361939
203667196
203979260
204381497
205475730
206964185
207103824
207173384
207229635
207712806
208271473
209761441
210042340
210140535
210177223
210472524
210649812
210813885
210996923
211186521
211295496
211707946
213001994
21363569
213729074
214633217
214701026
2147876610
2152788461
215408268
2157811203
2158006172
215834854
2161570447
2163601862
2163967060
216452063
21663897
216832755
216925725
2174402707
218191846
2183696818
2184588386
218684207
2190466083
219351697
2203739174
220416677
220504707
2205362465
220742365
2209552616
2212523016
2215983663
223337362
2240041879
224050553
2243272111
2250436383
2254177756
2255844356
2258125597
225815650
225841805
2258960864
2263275950
2267889882
2271834116
227280535
227364712
227488723
227854350
2280327106
228577853
228840595
2298308160
229903460
230447495
2304512728
230467195
230495311
230547256
23074721
231191558
2312594982
2312885274
2313994016
2314433286
23186800
2331261494
23365102
2337205147
234068852
23425127
2344328377
2344364215
2345879534
2347809591
2354413167
235904387
2363222496
236457548
2365699398
2366307049
2367003243
2372949373
2378709054
237896750
238409479
238589894
2387050972
2388558220
2389403736
2389586608
2389960296
2390043684
2395167540
2398328262
2401926560
2426996181
242812946
243167514
2434479096
2437579938
2438939200
243933509
244381888
2448077425
2448238118
24518749
245435381
24556478
245865339
246320505
246765137
2470942888
247106824
2476197579
2480836789
2481603358
2482810801
2487804301
248808099
248874532
2489967097
249273948
2497204400
2502549826
250382897
2511372998
2511407244
2515990576
25175813
25265520
252748730
2530630596
2535920501
253830656
25439090
254649695
2546772102
255688484
2557402077
2558040347
2560166627
2563551195
2566169864
2568031879
2586646436
2587358546
2593222407
259350233
2595945543
2596678220
259924656
2601501520
2601702067
2609159655
2613782228
2614608337
2614680524
261937064
2620370507
262796855
2628650152
262938069
263161827
263420231
2636298093
263865646
264261213
2647845187
2650714156
265381961
26597104
266231426
26663913
26678081
266853889
267387398
2673887451
2677646613
26800143
2680546844
2680894681
268348350
2691280595
2691425671
2698685845
2699475254
2701818597
2702507592
270326033
2705642295
27060529
270623631
2707744554
271036495
271084509
2712692609
271531310
2722294315
272626439
2734579151
2735754850
2738187983
2741238362
2741931201
2742104771
2744529160
2744892342
2746821695
2746840378
2748707272
2750584459
2752468357
2755311496
27556817
275785667
276050857
2767915601
27684266
2773450600
27741291
2775682930
277712631
2778817262
2786316953
2787200752
2787220613
2793485145
2796913123
2800321885
280190069
2803292745
2803752921
2805933848
2806416231
2806422725
2807760066
2808924797
2810871375
2811632133
2812283375
2817459272
281771935
281774361
281816759
2825409823
2825480596
2832064869
2834270781
2835708412
2837248371
2843858249
2843894693
2845897565
2848594637
2848811770
2850022853
285276425
2854165726
2855280821
2855628218
285832893
2858430385
285941178
286010362
2861005863
2861039991
2865456605
2867694701
2869412925
2872101874
2874533692
2875724355
2876870695
2881939144
2883428854
2886259497
2886302837
2892873053
289326224
2895278032
28994137
2900687548
2900746071
2902156681
2906645879
2907206265
292028084
2920520477
29213177
2923560940
2925984459
294261353
2942791912
2943093201
2945097021
2949643293
295245094
2957410013
2958403131
296297234
2964110542
296516462
2965756581
297025171
2970646077
297164677
2974942933
2976190647
2977130614
2979943263
2981476521
2982017787
2982148157
2984764849
2988559462
299068263
2993431563
2996034431
2996973299
299769897
2998041441
2999530600
2999582918
3000800969
300284102
30085334
301203995
3014559017
3015533662
301559661
3018306375
302687622
3029196743
3031820020
3031879906
3033270389
3033278097
3037284419
304009744
304134850
3049250873
305156824
305296067
3054828034
3057269241
3061798485
306481876
3067967547
306895958
3069933898
3078197890
3078760027
3087432072
3091524917
3092768500
309791860
3098221504
309972686
310543084
3107981920
3110185983
3110352617
3111281495
311428514
311543159
311679461
3119423519
3122755063
312285548
3127687596
3129290409
3131390620
3135443699
314037705
3141137433
314242630
3142451847
315441540
316119056
317349015
3173854619
3174553000
3174796516
31820214
3187698855
3188166737
3192649672
320916324
32127240
3225105701
3227117326
322954634
3230896779
3234255214
3234387695
3237537574
3239594506
3244832188
3246491110
324701113
3248766491
324907911
3251507265
325207332
3255113765
325652694
3258966875
3263961177
32661103
3286338832
32883571
329274503
3296103108
329876984
3302550807
3304155495
3305786271
3306501233
3308538412
3308966104
3310040015
331017066
331255119
3314388382
33192679
3331292488
3335216183
333687095
3337845185
3342303514
3343334141
334786836
3352075000
3353433945
3354087317
3368644761
337107794
3371621854
3373153996
33759939
3382456109
3388035453
3391248071
339298545
3398039926
3402669173
3403235237
34055395
3408335417
3413891445
341805961
3420756765
342158275
34237029
3426647151
342757536
342846899
3429824939
34300704
344349266
344456602
345212812
345488818
345671170
345700109
346089243
346204440
346284801
34654028
3471924857
34751784
348062095
349356568
35112714
35208660
3528341537
352969296
353450108
355517146
356881684
3570953957
357232550
357647867
359203209
3593539281
36046568
360556372
360882805
360906514
361849520
3629031915
364848432
366264132
3672418935
368023409
368067319
36879200
3699439035
3700621997
3708161777
37229237
372645326
372916807
37299566
37404996
37414040
374243171
37499660
375276620
375623584
375784587
3774627803
378171700
378176478
37914470
379187186
37940088
380591038
3807727814
381286275
381734499
38174907
3818405775
382044026
382261316
382285647
3824585836
3828499757
384039439
3845413095
3847599616
38517669
387175246
388009696
388062235
390298259
3904403596
3905201662
391247090
391468661
391646237
392338991
392896174
393737635
393925343
39418071
394335434
395297113
3957242621
3959259712
39760328
39821513
3993899481
399399930
3994659556
4002799503
400835378
401026755
4012294648
401652379
4019216549
4020330579
40289389
40303028
404409270
405787307
406637596
4079339890
408829676
4092846676
409520229
409789266
4110277888
4112185401
4120673897
4136789541
414314383
4145610435
4149232155
415837668
41619627
41668827
417119339
4183612701
4185925942
4196737858
42035193
42049796
420576246
4211978362
42193486
4221360083
42439033
42512795
425770200
426953229
427081197
42726121
430726478
4329619829
43427529
43476953
436249923
436973662
437646833
4377162088
438051819
438828013
4395517815
4399819102
4407427576
441217669
44132834
4421490737
4429470855
443109644
4444159881
449863488
4513596561
45141464
452285049
45230054
45266653
4539799354
454061147
454918414
455161353
45608290
4562285837
457968900
45920571
46019128
460263352
4603485693
4604231975
46087107
4614290308
46159604
462988231
463346583
467772187
4689790394
469457777
47011988
4706100745
470612050
4706334556
4708167641
471594685
471605095
4725811283
47267529
47488555
477246208
4774711221
47823623
4788278057
479643178
47966082
4802647035
4807932687
48218911
482331563
4830177269
4832712645
48329503
4835211933
48411601
48475861
4850420290
48518123
48541818
485830254
485877002
486988339
4871963313
48762891
489835407
489912438
489991677
4906182191
492480838
4925848539
49606484
49631017
496651593
496916159
497323689
500997223
502005755
50488137
506327706
50645380
50685195
507715353
50894635
51466554
51516384
51588583
51679632
51782243
518689844
519457514
51965867
520988000
521528694
521730380
52246474
522759656
52387489
52405002
52406052
52488540
52493790
52548800
527503934
52792161
52820976
53023974
53031083
532560080
53557859
535884802
536514502
53671842
53701003
540189557
540433704
54342901
54427585
54599648
546125980
55040217
55058024
551579703
55314904
55381609
553958325
555221826
55671032
557626454
558117775
55986398
561212764
561284704
563094648
56418373
568493017
56922064
570426519
571079872
572121169
572717226
57304102
57317788
57425387
57559418
575676373
578319324
578363658
58084624
58246122
582938882
585855020
58599748
586670822
587668107
588546039
58940841
59356236
60102362
60142232
60229484
602714906
603255585
60445188
608190308
609497486
60959132
61066380
61210922
61225762
613201548
613203759
613515471
61544167
615755143
617695168
61780767
61833108
61855647
61855721
61921838
620277954
620650049
62297832
62364521
624834744
62529283
62570332
626862550
627015591
62853314
62861409
629490778
631406290
633390582
63588670
63843330
63942368
64013275
64084195
64211210
64330872
64537356
64697551
64797959
65223177
66146040
66205927
66759491
66808309
67099242
67359764
67506729
67879457
67961732
68378980
68768239
68886503
69291540
69671613
69958422
701856991447273474
70194732
702185052
70236664
704508246
704732020220555264
705382372179578880
706085836069146624
706232039658409984
706652578235469827
706739992
706898845914046464
706987753578352640
707602902114820096
707687910565388289
708738745479073794
708757776110116864
709047583784697857
709563415
709821014331551745
70984573
710147640059625472
710232110062280704
710489446454525952
710779092
711045598481391616
712373441417121796
712420223954059264
712732013703380992
712783677911117825
712794434006564865
712826083
713003153906659328
713396826431492096
714149620331462656
714503076292460544
714522491461439488
714552942574088193
715222784725688320
716787016797700096
71711349
718272972851646464
718619356838633473
719509543189929990
719560643775479809
720584073945726976
720808012227723264
721089578992590848
721187280346439681
721733851211542529
72188676
722194902902251521
722251412
722940842416013312
723147737731076096
723160558413987840
723582694857256960
723696709436579840
723901613488889857
724306089760661504
724504274
726118930859851778
726541832
72694672
72737624
727584371620892672
727759594861297664
728167655719485440
72850641
729809695301619712
729816019892604929
729820875516694528
730942736849866753
731653316229382144
731956335252783105
732424289769529344
73245406
73254822
73540679
735661254409367552
735723034347069440
735877670135828482
736219513679646720
736249090741284866
737085823473061888
739105716
73912081
73921043
74044707
740785222741065728
741340215378386944
742077071313260544
742443313672949761
742806060663201793
74282458
743917278786367488
74431416
745735574317862912
74605081
746093606805577728
746539986913222657
746732724434644992
746767699456462848
747136944245727232
748631552964300800
74915963
750311414
750900400983769088
751151052347564032
751384259278041088
751889081135689728
752665120808005632
752722482289733632
75291941
752924540431437824
755421058577104900
755519757143638020
755572184953724929
75807702
75841618
75898294
761324519457980416
761692971045650434
762709184731283456
762821658713399296
762832647349559296
76316765
763170843102851072
763505815894581248
76435391
764541472892936192
764580379495923713
764816681202028544
765667216985579520
768247320228032516
768471132450222081
768999798380847104
76910988
770786567271116800
772127137
772274961675350016
77345393
77440349
774614003834359808
775143494478331904
775699818811383808
775799850814234625
775863094044200960
777986186367369216
77887935
779515255
781000533662400512
782413562820104192
783087992453885952
783117793889808384
783451196002623488
78359474
785064546281070592
785555000
786510445
787048912687403009
787054378867916800
787304006507003904
787495407488294912
787809535067033600
789543592578744320
78960841
789889384724193280
792349122376466437
792471087930015745
793060691309715456
793874558310838272
793918292826161153
79535132
795579841831718913
796315983908667392
796505052387143680
797010613
797744291548368896
797895466855833600
79883450
79927239
799786674632986624
801086722285113350
801130993948262400
801182431755825152
801417884538990592
801451566020562944
801607539108495363
801634257739386880
801786926697156608
802993963426779136
803246094507503616
803934459787616260
803990464676368384
804291700000718848
804422616652115968
804650798407880704
804736206496006145
804849425092931584
805835982
806165951561482240
806264115962462208
807362297802948608
807707971186724864
808378392341053444
80852979
80874491
809349731503767552
809543208413827073
80965464
810199608605495300
81097390
811022867899043840
811577620102086656
811743257386422276
812862292157198336
814042737393696768
81514067
815948025260572672
816036986997932032
81680817
816986585388503040
817016245727924224
817081208765091841
817195283847254018
817420441
819066881239719936
819225662284296193
819951451
819964729414287361
82014336
820290887326396416
820329512747540480
820704432056844288
821153259775791104
821652018506977280
821844648
822505745291808768
822514722583052289
822639635717390337
823119105599434753
82372330
824309703886962688
824660778267598848
82494236
826902598670233605
827350368266895361
827617285166739456
827813394
828264471420346372
828280172566761472
828307151965790208
828768633044271105
829708319430426624
829878491302735872
83001152
83047809
830834235523158016
830845895444934656
830919730936549377
83219966
832979911988113408
833328548790296576
834469238320541697
834587866135195649
83470691
834796511661850624
834916990837981184
835632230395428868
83628899
837030371384561674
837114735736803328
837483538207412224
838549591779868673
838600777
83908117
839365732035080193
839424458477666304
839529462031138821
841262742296244225
84140470
842168767
842472846400061441
842716159115968512
844552659197726720
844693076195115008
845575454446817280
84686969
847199632690237440
847855837364334594
848382042194796544
848691552834781185
84958509
851177636
851880954255863808
852102990962061313
852182101684359168
852597969853534208
852742760595546112
853717677105442816
854714731826950146
854775045952081921
855216074446581760
855381030634762240
855451568
855917122412740609
855937747604910080
856108410647007232
856587886094843907
85684887
857918017178677248
858295099960295424
858741367136288768
858850434
859724608219557888
859828383143874560
862270185067163649
862694453718503424
862716281161752577
863050843997786112
863497006383345665
863512571017560066
864542726712422400
86461113
865091131
865223785389195264
865929390131216384
866020391541714944
866564530490486784
867377870020239360
867493253595242496
867905679893422080
868048543659024385
869399856967815168
870991273
871521134327607301
872649049
87269938
87275457
872910423133126656
87322227
873305677971816449
874250204
874283707691134976
878087757066891264
879775908009213953
879794511605616640
880489719179739136
880862104223350784
881317526302593024
881639806060703744
882099979053129729
884852103868493824
886947527467118592
887380957191426049
889205294022184961
889564441548906499
891126480419344384
891603310041497600
892702983846330368
892749032887595008
892985240465149952
893052221390282752
89311291
893278071008010240
893633007965351937
894581952791138306
894815446838509571
894922013797646336
895024854583345152
896388871121973248
897566387090198532
89770535
897803612763631616
898584887023874052
898762676465262592
898976551609524224
899104896338845700
899259179348762624
899284389921738752
899658870498492421
900332936
90050365
900804398405890048
901438901876924417
903021449266565124
903970388249636865
904771102269952000
904828108980801536
905739292961583104
905855633056034822
906127266169618432
90639747
907183208
907341102260346880
907660339193499648
908947895721906176
909234615096938496
909277266756161536
909411493518741504
910321083978518528
910322563888402432
910861827210440704
911262270105235456
911513143372861440
911572290952888320
911722132660514816
911970556752404480
912032792128708608
913888276196491264
914209065483546625
914251563727818752
914516114973085697
914593920708947969
914879028
915321708478857217
915756312897650688
916106000511401984
91667149
916761409509306371
917163537272856576
917449901319049216
917531597548728320
918082015668457472
918610298344534017
918811062841028608
919082059125153792
919622857855991808
919746882611634177
91980124
920117363286183942
920284605969727488
920727652989890565
920800375044739072
922227567314300933
922614839574519808
923236253495160832
923241837506256897
924587465129766912
925143174586228738
925238060169736193
925808265107247104
926068285828943877
926463664575664130
926601229500903425
927258664452349953
92823245
928343498
929097406507036672
929873960627515393
93006045
930256973043511296
932412266623979520
934187679012544512
934566163148832770
934906664070926336
934988082813833216
935127987380473857
935183345348202496
935620934756700167
936181886665314305
936506119643639808
936739855907860480
936943645
936951022118895617
93728981
937473989223559169
937651118
938002195
938285928
938868644410548225
93949477
939853770334367745
940684844731916288
941124788445220864
94129159
941424138048233472
941504650829795328
941955428
942456228491546627
942530368120524800
942545915814006784
943282601883774976
943508465212907520
943515684046336001
943527201202458625
944640244204351488
945049063950561280
945068359489609728
94534701
945431482184749056
945771871668142080
946320570458796033
947192600792125442
948414555448856576
948675418244222976
948766226
948958808
949060362460188673
94906913
949811208282103808
949873808
951130045510225921
951459238370512896
952636136068919298
953289645277802496
95419833
954825720701825025
954979519286345728
955062596406792193
95509252
955903844625592320
955923908418514955
956147293606080512
956181846504730625
956268798654500864
956295279577305090
95715624
95949366
96007805
960430669
96368619
96638995
970130329
97365927
97602940
98353358
990053851
993450841
99431005
99841831
