413214772
54287593
54109909
150007375
249668286
835678458269282305
149629501
280803190
2954874089
139860744
2712692609
2962325092
2965756581
897447361185808384
252804420
163220293
3093806236
815322234038484993
2796724336
2418360959
1166530836
63588670
2437053786
479701398
1304752723
58086992
3824585836
36071849
2983501498
74448978
153068983
67487546
783645318810329088
182561268
106425301
3233738347
868083003150540801
14737709
2536030258
787054378867916800
336771844
1865779508
1377408002
1623331453
47430267
1305446390
28905091
16723444
304918906
193955520
853008275524202496
1886616704
906668840720977920
51166582
910098605624713217
868048543659024385
2881939144
847827877768966146
16404987
53671842
813740741382041601
139783622
184898488
722508631657345024
219574685
211594266
826127285698822145
859726477075599362
1869058092
887751649669894144
117850750
793918292826161153
2250436383
836926516017655808
1654227680
848163153670230016
3629031915
146184375
712015368605212672
248874532
310643679
897730329003397121
3373232345
2543663444
835930338459267072
2480781667
738897925468782592
55291962
134572878
2438939200
214582214
2842620447
712732013703380992
570426519
3196077021
329375496
4698931568
253713018
772514191991246852
917477727019716608
1713761478
177000971
3127687596
935183345348202496
178521271
876213487353180160
928201335811575808
171656880
109118092
156089037
835292936543825920
3033482902
848691552834781185
730795348764053505
834349911697129474
2811632133
764664919
89046832
853717677105442816
3027060379
3845413095
39215326
3191878906
781000533662400512
419078814
48612147
859575832943185921
55369936
852742760595546112
3398109801
2741931201
920474584624910337
1528336398
139126353
918199181801672705
447121908
1973571050
915321708478857217
4539799354
457968900
1000024310
363869987
4865839630
75649316
2714467605
2352880846
802298657714372608
2331660358
2897877826
728991076346937346
50490575
898581650119983104
711454465681924096
815719792409792512
2910807796
2615955638
171730916
2226427284
73056751
3039997863
52688198
49064653
38710943
3248766491
2843532785
282532497
52548800
3432959230
3734039116
71354188
199083848
329675154
1017589231
781351100
925499588768919552
2858430385
710897282191851520
4439200889
1384397419
1218725053
2819916273
46114655
50083530
1529551249
185866945
519457514
160583769
2149772444
704255052
1929297319
2979943263
96007805
49631017
2295322532
919669412298452992
91869972
176859552
1205768317
1586052427
18433273
363167257
101818997
270551625
919082059125153792
989303305
363879946
381223299
58940841
912898270069972992
159100967
2280327106
198251839
3049250873
2289087683
3990138682
2590864474
214886907
741627109
144828717
620010895
33333653
3438410541
521596599
332322954
3621963496
855894425343594496
2207091097
3131390620
34027641
163935901
2999582918
265497247
1360592276
869341098388410369
204494751
319366143
401553884
844228267989258240
4211092114
2557402077
66982131
26084342
97365927
48025060
932097641923710976
858376742
916419468884135936
705456683313700864
2768400470
926068285828943877
916201588292800512
1359174420
710649014484656128
885321635070390273
2735449149
900191996261871616
891603310041497600
41016822
305253221
486988339
873601783863685120
165569796
294886946
540189557
16551650
793270158886404096
2235327544
2729992692
3227323277
104908811
722289672832073728
484190946
1089535657
470778895
872084701
55057312
784189993124233216
34294505
126992065
112523271
202435887
787280839109402624
911674266852225028
382261316
243338639
78033088
329274503
915233915090108416
779899135889727488
511137783
4603485693
134520247
58593419
2882906373
911970556752404480
314242630
1246183014
63318916
733464573706043393
4245940583
92629822
53484770
140537719
103429207
66205927
937209426284548097
540145946
368067319
534696452
1452826022
2198081336
2434479096
809796666190659584
707358725586157569
759154581913960448
720409772474961920
787902871090135040
44765775
3153717052
529645252
2851322031
195311282
870851803558051840
263854518
255688484
745493000218763264
844353181480108033
2603857916
359448848
61066380
17341716
821153259775791104
3335216183
555383016
414839493
1043906096
927824992036970496
222578901
865091131
3218013021
2211069239
2560166627
806450100037947392
2832082022
4211936225
3370095815
116251224
718528766901923840
2466721986
2284378856
38572792
3816882993
955874959028613120
892933753831665665
2902156681
82435214
197100956
128083608
714131420986400768
67506729
37914470
4182342387
2158006172
808511928272322560
3023373999
767019664232812544
72456106
3655027815
166391799
2546772102
177292027
862475554431356928
863512571017560066
327716883
54679262
2263527887
586054019
630635842
74605081
57425387
93476742
378918448
802149917317861377
994871432
2210941994
37229237
1280955486
4420471588
911357384
2215605920
1646449488
89106511
1646061902
2464988505
2207478606
32931395
193324878
250579418
2766758711
208213348
52398009
3343596663
2620370507
3912408814
758695354749612032
721776323325247489
830919730936549377
2892873053
185042167
435126845
790319264108601344
806165951561482240
45832962
324907911
2538923380
970130329
92119857
1548445549
314035506
892749032887595008
776217101258280962
3043378935
1143877644
790699709866373120
3400636846
104361436
1104634872
484390309
322954634
43476953
902915695335403524
127659901
2361135805
2919908471
360356539
869982214074839041
902889733331853313
715975769479069696
77108286
27486415
575676373
2996034431
763506898515726336
222992410
271991470
785611974
302837517
2207827052
2806422725
102223402
306481876
533560843
21712293
1564837524
160675742
2435376143
2420632623
78164282
859183143991078912
26224910
80606060
720997579266396162
1643750532
2916772546
896167465574699010
100099494
379972986
4213858737
832361998662922240
139873062
706568499204853765
751889081135689728
866834377812185088
305296067
3044770409
1334253602
1336578596
942130821300924416
709419683204743168
372916807
2536619508
338777449
3592661849
33957501
177810722
853243981316182017
851123607405305857
60727599
859808305140690945
2869735953
2365699398
149329355
53347469
63788650
226916422
45339455
81834143
717713226155368448
736537712417734656
155674026
133003371
1275661650
496916159
419689853
2727136382
721498336637886465
538675657
192711022
2750584459
765146936873775106
859828383143874560
902972899153371136
889154718722920449
34105067
3381950555
57749932
831725940531146752
727342609
69291540
3392398271
723187971189559296
75807702
822639635717390337
300256239
1689783702
828280172566761472
100005166
134559430
3347301916
1569649788
2744586819
1193765329
201291337
132760837
122266001
1334616002
216925725
204485184
750311414
767412001341575168
71115912
50852986
134870156
894190886833336321
376983011
50359892
195195253
925523779748618240
925497561296883712
161301713
4819321222
2887366319
807188220
240836622
163847565
925799521
1477827025
17032762
473330258
4897607475
2506957875
898584887023874052
699022339015626752
3038245564
96441518
1447348788
422119733
3185036313
4602948340
769763295284891648
478107473
127380338
277050071
164490112
2883231581
993654061
890040267818098688
772291022
869638603072294912
3187698855
57693217
1452970200
399590244
956251641585590272
386228298
2345972041
312213956
2290582083
2572842606
26516577
3354228375
917074393
805629897783869444
221185593
816043618255437824
43191888
29142419
2389582244
193784363
173607588
2974942933
374239739
1163222954
2444014447
3302953019
228577853
855917122412740609
91989624
1283287765
935870440685363203
320341108
118248703
1462839618
955830470033526784
890258157171298304
248274855
4297175836
707687910565388289
422175770
932621562251042816
2664148405
826248136393895936
855483775085576197
722940842416013312
2687018782
2891411351
853390872582529024
1546282964
737096807218565120
845575454446817280
1054055424
955239371212550145
61577660
68154769
609836778
337485688
816036986997932032
3218560889
750336533459247104
2568373333
3406462035
74483584
3233832440
2541926435
2927400329
217724057
228717038
2834755475
819951451
485830254
211295496
92003862
245435381
847793894
4208998467
265730085
2367999100
928937211827048448
104007731
110462395
771035442141597696
3037302190
889254071852519424
198580689
855806145025462274
946316665448488965
203361939
987219194
506327706
174997423
2621441487
131229296
261458406
709760265915654144
901928328713707520
1488745447
96539520
829505478124240896
801435888374910976
155055616
97602940
62517611
1891518710
3889968375
339866890
2942791912
724372152766574592
2162983615
112578464
347874428
913906254699012096
313045293
783700213630431233
2932874839
720408413436583936
862474050601406464
794935284
225176248
876631081671434240
947278180599128064
1349982235
715112272570486784
128260941
475246116
952883685082230784
357232550
3079817236
829726271588425728
811687455229444097
990053851
814803150808956928
710681224587681793
747136944245727232
3327982991
360922497
63347041
136964998
732213883407073280
723160558413987840
2964328751
836733793503428608
3291804057
80172514
3495495197
164538791
259924656
4136789541
708395301795667969
4146426502
930285706827755520
450547180
719671484457881600
149967654
2800121715
787034359329067008
4840724591
471605095
236457548
2967178564
36163477
2966569883
129820329
2850708130
175110796
351179377
216352730
28685589
354651599
735975647093399552
330064578
272580880
2171111168
837483538207412224
2883428854
805856995
2283740438
161267968
806665091085172736
68886503
328296109
1669435974
134654289
720028652138864640
846187482987290625
127634479
907326548763660288
3437300355
49807229
365146978
163319998
540125118
161769858
941424138048233472
598096606
2324633856
1920306888
295437501
889961632193019906
259480030
230037802
777986186367369216
54698081
701117370052567041
886243653630480386
2548715386
704807286569607169
400229836
146628405
115517005
808104273917734912
724593239710416896
907636377566793733
131211142
81380969
51761051
836613045661106177
888782486221750272
37414040
879147632
3221768495
868577921086230528
14794243
521224612
845762553871585281
4850420290
2215983663
66858920
120169075
80732922
1526212944
1629576702
46530727
22298750
735558786
1705818546
299981580
52459820
107161211
97551306
1646458718
362039123
899262162572648449
861578893794344963
911513143372861440
3057269241
4900096839
245416528
25958738
2687912969
14752477
789206128349614081
710787276
266768499
750361864283033602
3570953957
361842621
2817459272
951056147200569345
54363777
723594596903714817
723548784597307393
277712631
82341885
261937064
4019004621
1564004666
50387310
114493275
1112187126
126705900
890038901926244352
70829945
712394740474499074
729820875516694528
3290828375
4048728947
2806416231
114092053
83633452
873742163015852033
709164635790974976
196153152
45862617
807707971186724864
69153694
937894211239731207
3847599616
287224704
60757372
840148855110877185
702048350
16928193
945771789094981632
570812910
735723034347069440
214589136
298885156
897546934759682048
26248286
2402083846
82014336
368023409
55269569
1642832552
906664746312765440
94217787
902294386247176193
535960219
305197434
937007953714008064
72551231
135303730
1454113327
576208422
61780767
2161104599
56673167
4330646799
721280798326972417
1967191002
899284389921738752
20586133
190055892
33220465
287309284
2497204400
872801548006551554
586670822
712373441417121796
1013741317
457802821
893633007965351937
252373260
934529216657461248
142078024
31802431
67167127
52916300
254133761
169652276
729816019892604929
267343003
361870028
11299542
51496277
241723702
839873054473867265
45230054
865339814
66146040
483421544
4091421083
48763829
90897488
743059075584434176
135965118
210042340
956181846504730625
2858556382
2821284321
73907564
90620270
2825480596
322915852
2568410930
3071145598
15980397
2708780457
222479869
2598536201
81166830
237019028
360361293
2848811770
1156111513
2883429005
532729890
913888276196491264
112837209
744238296709074944
737779299353235456
889660822766718977
83047809
64556147
2609159655
2868212179
1917597439
89521785
2713628824
632378832
934988082813833216
2147876610
2993709256
307636961
2575070960
4100929702
84378020
937473989223559169
766592408972890112
3342772480
68186755
141461824
502005755
949790368916176898
971022049
919359045156462592
92080001
330941876
282404213
379716795
3178490597
128895478
933047727486840832
1546922455
159222862
2961185536
56412104
3344770577
238216541
149734553
2347809591
59944838
825816416012075009
335538237
366197755
762489892081324034
33443638
2361441704
25955025
84361335
71387698
4429495523
165850219
460386448
167382253
707226715840520193
323838993
4753145183
2502549826
2778726798
2822937175
893052221390282752
2830603619
186155329
77211521
223880971
41728708
2869412925
109261117
772743793196077057
105473746
494519086
941006111460790272
428293611
3375101591
51193491
910789297
2414125861
1566153900
600083336
919592110688522241
2360473720
816986585388503040
89166998
862671678194765824
2735117091
47920778
11486082
88535276
531813233
207540143
893655787431743488
59791079
846022525121388544
164291244
3246491110
436249923
917362182601535489
26360345
912069621288710145
274794498
3182984963
35004777
724504274
884376669393473537
160082591
4019216549
99602783
4888763464
984714306
942870373221175296
4280840902
3330482410
2580587351
720279339611353088
67879457
4911586497
922538172562755584
917449901319049216
4883222967
928343498
144010410
832729637406986240
360352430
363769237
1157299321
2230487915
956212868122316800
830591526187171840
956241799751913474
716093121617084416
80678642
1045431229
143514439
95248066
417918540
120248563
506637197
397312095
832371102051684352
1104501918
319013209
2453812292
1935481718
778993135221403649
342868327
610572943
48762891
2916021761
715193211279515648
781692634335240192
3390010774
2707744554
699221620586651649
67313665
837430993376149505
838512839103037440
909277266756161536
776108309770334209
2680894681
727220368587546625
2825073552
235545679
1391756017
799915238900568064
989870515
795451566308335617
123359956
269356173
311428514
709582320014073856
884951859462635520
3091524917
4920778990
161470666
947075334222090240
385769799
701183883140849664
817195283847254018
1042628833
2863928593
928943291969818625
326489376
53535117
248410087
2996234817
4064402056
883932437859971072
27156531
1228543453
839929882020876288
52415292
954714872973086720
61544167
81577736
1676075918
86059602
421057973
837788893634310146
2778817262
266742484
38926018
2291033615
26597104
499237842
285831634
2936224816
954125088844115968
1378399146
151276082
73174599
880681890
52023120
206292802
2567945621
229213308
829708319430426624
3345633699
108070453
930470728771784704
51296234
78905322
225903262
744894464485920768
859157623438020608
914879028
1897215127
226976466
723355513396690944
718272972851646464
326345787
454918414
136089160
956219503930740738
761655837735739392
1541457896
65385817
756893915584819200
372287105
904828108980801536
3216505837
207546805
740326924782850048
720440150925385729
768247320228032516
755421058577104900
41127531
3067803849
815972256933416962
396146424
1242200720
90639747
488742598
3456914541
175037897
250621535
828642008306688001
801451566020562944
899118346528051200
359640692
923722989056638976
3295936204
845815718
729952051
1392120913
146600473
292486685
3637410022
903021449266565124
948215492006817792
802326476976771073
790657698882781185
27197195
36879200
394335434
2212587631
945068359489609728
711045598481391616
272643601
2190466083
78084750
955600790818820096
708503461
2677646613
64326537
2545153463
3244832188
790195166208458753
884814060356857857
2999859365
314705047
568493017
195092618
17236932
210954402
18818881
83628899
160399006
723922516264230913
4687374032
368697770
495460873
171817803
97558482
701225920217137152
2680216211
302868115
325207332
3119714938
2596589879
745612390964797440
84925552
948971643644383232
36072120
22955888
2200345560
753728876208087040
3098221504
346664440
935253878140014597
1158302977
150899875
228444311
2680998160
896388871121973248
815948025260572672
288474923
929873960627515393
3680604737
67100534
173817113
2468125679
841920467099369474
419766418
399565098
55326125
2966337663
940922736444084224
2872297322
859434961107136513
2311838879
231213052
92182111
2773469313
902309134590193665
122401698
4211978362
806285917967228928
55652963
342757536
53227953
3480940697
738379354430922752
131756203
880479716515426306
3369364888
894581952791138306
2954677281
56031828
220499496
1254037502
88048746
932868174
783369193
804074407924813830
218604587
956216100286554112
4064348981
3085950952
1955974026
871744569779638273
811686102092419076
244956957
57381440
3440054212
26824689
3047139171
35770077
197311612
44499615
398447325
3862754236
2170855076
210472524
797166584
2945090872
234572067
60101530
956200710386876416
841679942471602180
51104026
826902598670233605
255540502
908005592
3435117580
276184218
216258094
2812283375
358801068
947289567769579523
788204639766347781
455161353
49179437
215408268
950454271610368000
8576502
720808012227723264
3490981942
48568921
716770376915746817
2764602861
942870784808189952
2336967834
782465664
26277206
775765459073392640
706490741737070592
462182046
738133041399226368
75688505
802994354935787524
41230380
775699818811383808
197130730
277028244
343308291
402346856
4221785920
165628647
58617291
916811639554486272
2344364215
899372981893378052
1859556758
2869938527
4239530842
1228806313
917751362280218624
935592019
831567906123177988
33435237
45608290
2201911625
99766111
884859274442178564
378099397
3148968837
57708206
2746840378
715846824507129856
751867299150299138
761019741888806912
4513455327
899407873364643841
219739064
842070885540474882
918673301299433474
203667196
154684944
951966276
949376294218846208
2930745490
255279079
3295056065
4123573401
1291820875
726118930859851778
868553956678619137
28662843
3243507622
2207903506
56169128
3819120689
60426948
3035584828
342846899
3050019437
2826927385
873585710208618496
355116456
4329619829
2299900753
4899609345
521528694
738726144942481409
2843858249
4204724902
543450710
952636136068919298
287797950
195910026
69354572
131017462
788144169852211200
170792525
1563731072
52387489
755609913175465984
170414429
705938271998758912
3152635695
92522253
211244930
906944867191934976
3957242621
930256973043511296
730420836486811654
1465692656
46006531
4849451825
608190308
300417938
737085823473061888
3229607123
3402669173
846083654724075520
745482099042353154
1135377264
912784884967657473
134460106
714552942574088193
4244523718
230469169
949265515318534145
923236253495160832
2875035997
585943499
297731188
2269984673
3188909584
1042162524
759118738868371457
221563253
609464059
909205275873341440
26478556
291440058
375784587
146841931
861650172329287680
2280185771
725523958146174977
3013376535
828264471420346372
320916324
1431799322
205561526
780409907124310016
307141726
2683971261
3098213206
230495311
743150017221890049
78697714
860984657004965888
237905484
752631671523045376
2704764587
867494036575268864
158146920
937377336382681090
2699578067
918811062841028608
58912895
1430567257
538214938
4794595113
44454387
852182101684359168
844327827843567616
1489313863
1173235928
2908325147
33558738
909078523406688264
152827318
858741367136288768
720318731772145669
2861005863
860446956098813953
3154067422
2208135503
4916994741
309861673
113396012
919520150851813376
187360620
210996854
257730954
2225972205
807307008047280128
151641302
178233855
14252397
1216599770
1183521331
2613782228
1020417709
245909273
956213734636249089
38866766
69712265
182461601
2786316953
742563280040955908
267387398
801786926697156608
393147109
585855020
41901250
1250005650
908417827593424896
948675418244222976
927208647104528385
191883688
857714482478555137
2860793556
169226499
851588572696256513
1601836363
861591806378745856
40464629
228589500
4637029280
31820214
187632670
66244330
159356748
71882715
367354771
142341327
4550730917
180958997
359203209
344456602
136884044
839931256821399554
847199632690237440
867493253595242496
182488373
3413574527
2742104771
839476117408985088
2986220781
77887935
738873823
55986398
4214160083
17046356
801024628072255488
704732020220555264
2481435416
209761441
3390336639
741739806116417537
248383340
3303418125
1113033246
309921987
913805107606716418
845005019510423552
896526820887154689
2779738194
734156447089623040
2964334498
2603672078
1613424354
3074664627
332488663
1109143987
901249134228897792
136360864
