64413120
883903161190297601
467950822
54605110
44179848
797104222177267712
2281110529
96007805
485877002
2163601862
974780712
851177636
60129425
421912593
879115874162135040
4332667637
843351745
25439090
49888215
274528507
55291962
3629031915
1646449488
457968900
95532665
781000533662400512
3437319347
912824616422436864
54271887
236591895
911970556752404480
2858430385
46809720
135256722
709563415
570396830
705733248899522560
928343498
714149620331462656
15357211
72551231
457710243
55381609
833670609959804928
533838044
1964950808
718272972851646464
799319735154446336
173320139
1204830703
324907911
928937211827048448
91989624
1580576299
2762544909
145392988
3147898258
858376742
808511928272322560
451905637
314242630
529645252
2434479096
357647867
782246030976905216
124839328
295243663
630635842
876213487353180160
2263527887
48411601
176859552
269002325
4208998467
219831968
3879777929
47109003
34613289
69958422
52898387
74605081
494057971
2999582918
193705186
717519959711227904
132764216
3293261175
80924571
232947863
2149134356
1570534500
3078197890
823273965053480960
496340228
23982468
44098103
43031915
2974942933
193675583
102194323
365780957
845575454446817280
1081926001
4603485693
3304500437
58856871
2261030457
907660339193499648
713396826431492096
2339955411
862823939118174209
2750584459
87322227
447121908
197133329
793058314632499200
2603672078
231610091
2892561819
2890250412
934177882183753730
422175770
1444914655
1391878406
119707496
228577853
131756203
524052645
565544881
911513143372861440
220742365
2885383524
377124534
733395224467116032
819951451
990053851
801828160887263236
2477065406
63815712
625161654
177353360
3233832440
317349015
15280766
83580086
771163497807970308
2907206265
157836806
42476565
865307228567416837
162848085
63318916
163319998
35879806
80471847
110528738
22407236
259924656
893052221390282752
437021163
775799850814234625
1531602908
46530727
14068826
1444949574
3421519714
76966878
809733283860856832
125518705
789845232
127236659
3236293361
135303730
80117022
92629822
750143580510052352
52751799
796505052387143680
2496501836
353287866
850117680384397312
706739992
730099598488948736
511041808
211707946
342893902
755637917939331073
3342303514
712762077312589824
155610897
36879200
285941178
230165267
2848811770
17907538
72894954
47966082
2611334186
27694501
62067729
823970018811592710
92780914
90897488
926068285828943877
497323689
107538835
139126353
141800923
576208422
829878491302735872
2727480426
901438901876924417
838813214
105773152
49951701
3309971
66421187
109373250
27660599
2382662035
3105108615
880411444793274369
757660588080234496
855451568
2861005863
3182984963
30692670
52490830
746464666172424193
1931861250
3824585836
2590157269
2806416231
360352430
804736206496006145
72273681
144839504
62529283
3672418935
67313665
188929983
71394771
61544167
4900096839
173817113
26597104
3091524917
2778726798
369690758
360106720
951962288134778880
1544670546
435811190
1424714929
796937977
899284389921738752
32883571
738873823
2147876610
3244832188
195092618
801451566020562944
17236932
838470011022901252
272643601
705859844176285696
752924540431437824
3082165676
744882190408912896
917192881
46211337
929873960627515393
735877670135828482
1449932976
826248136393895936
178490026
887337183056732160
57425387
2611818027
745397716394610688
55986398
236784845
39908964
823119105599434753
2684443887
52785041
2438130436
2201770979
2712692609
1037651850
210472524
2784729374
871167391027404800
1526212944
51496277
902915695335403524
829010345888980993
926143086698344448
1364774108
52405002
45608290
4912063709
873585710208618496
353404980
821652018506977280
204581831
2271834116
913084232502857730
3413574527
2427259837
722940842416013312
874737043884171264
61780767
707687910565388289
1857932012
3354087317
2312594982
151458675
2866172978
727442846807146496
2275895518
34237029
894190886833336321
3700621997
248874532
2250436383
868553956678619137
219739064
938868644410548225
917751362280218624
105585513
40384669
741340215378386944
96368619
49631017
829708319430426624
1563731072
853717677105442816
2462725642
3092068553
80449517
245435381
17684271
858295099960295424
129951373
306481876
3342772480
1397688913
2344328377
109289264
468614952
38299909
1283287765
2269984673
229978908
907636377566793733
95936961
4145610435
160639286
82014336
306405876
9053032
26663913
233644929
2741931201
14859941
60150347
266358369
309861673
745375099012923395
1042162524
509404590
58912895
3437276745
158146920
858741367136288768
727947074487103489
722250080024178690
944213171392393216
97442260
43476953
174367812
726817503960293384
2640647511
43372059
16275732
47011988
766006552004362240
2906645879
54190869
551309830
2714467605
127076554
271721735
57813371
401553884
182461601
932412266623979520
2377137219
1183521331
260235100
2614041744
66146040
925143174586228738
2855628218
176603882
54435178
331988321
76722173
916377531661672450
909728239651835909
3246491110
2786316953
227488723
744989069604716544
339218391
17187538
872910423133126656
2993431563
1526054612
52387489
132603510
324624698
359203209
809764004595957764
36651333
735723034347069440
120769795
149102598
43597075
2389851791
328772739
388910148
770786567271116800
294218205
705757226561097728
1228080565
350574742
775672392
375934204
169725807
3053162756
37914470
936951022118895617
129342144
38422269
69859427
2480836789
59157932
16876863
194413940
286010362
1276627380
195790533
152983241
754796130941231104
209761441
2840625532
2865456605
1387486128
746732724434644992
789243197163728901
726118930859851778
3192758571
51290220
313599911
1465692656
903970388249636865
817828348864921600
865223785389195264
465634795
892749032887595008
46514942
3256859795
3352993617
162700858
1727036797
353276239
2677646613
52787270
3049250873
330606595
2959555787
737085823473061888
280802494
95514821
716775596576149509
850456295861886977
329931289
893185265585573888
934988082813833216
2744892342
811932385512226816
106119168
887709116
854706237124083713
926988133115318272
2316055178
2478706992
910135633473081345
899104896338845700
629490778
438051819
825286846116724736
977051252
703422817019281408
4604966176
210996854
2945097021
454793470
204102599
24518749
829850426
251567321
58064534
905238935609237504
37940088
753292585834254336
1235094152
1446630037
2786513141
1268433235
2843003962
49606484
2694558488
822954260505698305
801086722285113350
46748708
413974802
460759634
3382015089
754459610338172928
1957433312
3314388382
61066380
866387823817105409
837430993376149505
868839991291637761
862258956361748480
1115548771
37339267
4906520020
278778189
161281153
780231999109955584
18202446
3002095763
187561446
42262027
310438311
364344660
793643737
608190308
50402664
2834259119
127738165
77325631
127283945
292042000
777986186367369216
48714240
712420223954059264
26512093
747591041948213248
266829985
834032272663859200
48518123
353197791
1110250932
1700510341
3019861443
802298657714372608
2567406150
68425884
1291894268
97547220
956181846504730625
739528926695989248
2843111739
3221768495
298439680
106425301
272626439
923905837642510338
922874482813005825
2158952205
886384138642743296
2897877826
119295989
865388541127397378
2678903220
820704432056844288
850060550201647104
860446956098813953
239746769
4854263519
66182625
2873569460
3064077976
955874959028613120
137993522
1304104442
301453657
818832821301035013
1375239859
904090365879349248
74826636
304918906
393128041
2280327106
3689795193
108070453
399399930
231595042
723594596903714817
2254276572
820407126157914113
77805450
363914764
276554722
299828441
106742249
933089131202146307
3734039116
3940033997
2190466083
784024857692385280
847410540079063040
832372603209777152
4865690200
2457127128
128311146
110454744
2871651340
46881744
894922013797646336
195969783
934035222211022848
67487546
105803182
290204659
1546627736
134244204
2682545828
954136760153509889
956200710386876416
2384588887
32673908
1017351997
19911724
48778777
3374191234
1537543237
498338270
368067319
3398703483
330018618
904771102269952000
46689354
51761051
82517231
746873210831011840
45339455
239907071
84293886
40052255
3416929259
1218725053
122112407
252317745
633354155
2574134977
344360039
455161353
992296938
2647845187
79251058
921584559380221952
772154752834609154
36046738
779308704785174529
860543545979138048
61618152
2418450902
3363174154
84925552
904070382
893955247244288000
500997223
915250538916302848
145350986
826863124200431616
113396012
4884018316
780921859432910848
3188166737
1529551249
1336638744
1077815016
1373060438
1957511221
830835363967070214
65354010
1891518710
2859901861
1401012026
2415164707
793483201
2190686614
156838910
2198081336
261396406
158964977
2606305376
49811926
345111775
809839467427151873
176499125
145682610
834587866135195649
59000162
328296109
1359647718
928578281837867008
2697420203
171650979
934028281799696384
68154769
736385015223816192
201825177
953697769688051714
956195821388750848
534488152
1580225550
114094027
318681901
34136733
217602632
87810812
234948461
261640756
785508517063094273
26294702
738379354430922752
3352075000
299862125
274850029
91869972
248274855
3353390615
473492283
96638995
357765760
220051110
3129290409
760407114
393309814
1596436196
3771610468
949052257525534720
600083336
2277942524
178863519
126845298
721821103941894149
1569075638
311679461
391498382
269971940
624072683
1534883438
65945771
1286472228
381210193
850298996832821248
44924461
3432959230
196361380
207712806
163935901
3392398271
2467841128
1406130006
3021616235
2887532043
714484478362697730
123713349
2680546844
759729940652658688
629930025
75600293
2645389037
855130897531752449
80874491
2815463424
493367418
15305043
50156583
1106249958
2571315692
747100690355478528
77292715
756597968002834432
772226622313422849
51866104
38942132
351477469
956126449798402049
746843402780745728
297164677
153227900
17790327
52241695
381286275
3044770409
89834149
74137088
950245609
53031083
948602073674928129
3001497620
839873054473867265
1291820875
131961998
1021291464
116251224
914516114973085697
813528854484623360
532560080
264962692
741834520790507520
3305618092
135946913
2827477935
295790645
813669216612208640
520430171
930256973043511296
3328315995
4867100343
901832768597975040
70236664
2869412925
954585067292160000
712732013703380992
2502549826
2394612589
947722341701816320
927258664452349953
1185912751
3378004534
70194732
2923869731
81941110
237896750
620277954
3051380110
56412104
4755993197
3375101591
2976190647
399949776
863346598075654144
357232550
16985206
1280955486
749672509071626240
892866515854405632
2581448021
170871679
727522892439781376
943580043569172480
632300901
2558019780
846083654724075520
73456220
1564004666
123468777
86745547
909277266756161536
249463110
174239236
863415055165083648
16726489
1428264649
3398039926
516863787
61310225
49819172
294041062
3335216183
209782044
205721803
4504599736
362163199
772743793196077057
80300112
56247338
2940048784
87789529
1672120519
756589102368186368
42726121
131229296
2769084333
916011457506086912
747136944245727232
84579114
3131877717
972462380
461609629
2468539995
66003638
1024490834
924646643437326337
268752292
2875729853
261937064
1876127371
309921987
963490722
104543463
2482810801
146122980
1643995267
919448027575799808
4096537516
142775595
731285299251302400
336178666
2367003243
3346264780
927877434128650240
21022617
867273936433795072
852593034399293444
261862338
710489446454525952
2751054320
46464531
2809284843
252804420
954714872973086720
4454296911
75602435
3303418125
2849078655
2949651125
398447325
809796666190659584
3394697524
955923908418514955
421119216
2772526953
926262645250035712
895137995266961408
1717513932
90044119
30413253
211991111
154021559
155576752
573952113
43392840
819975245893353473
376468872
2778358475
832439993784217600
21363569
50386384
2409555378
956161762579177472
743989349222604800
117536139
3222753530
1537615490
3037052878
747006755297689600
1377994711
66205927
42627832
920964122510086144
4690230878
2203954370
877590238654332928
2256970182
800771430132523008
726237856079994882
915641146034057216
18322302
99811063
716715471148552193
470636324
3021789050
222233746
895024854583345152
707288368820916224
38174907
66558968
819066881239719936
758285530702417920
64330872
870304744572669954
49064653
270623631
3239642085
89274864
67990624
56635910
2742104771
750336533459247104
848382042194796544
82372330
210661949
112258101
790736640604078082
14594617
325847663
907790067388895233
274623485
2796703910
756232665695592448
883481072700465152
77212671
727468905405489152
2719268011
1601836363
72694672
74431416
48586514
4714884982
708325893006041089
926876778517487616
2527879098
255688484
785876625128775680
4120381769
3062641186
71394717
3237527045
203525486
265730085
939194965942525958
58312166
392698751
318082440
922970715439190016
804043131851337728
2862721732
2286787444
2884022608
77480579
344916840
175869644
3990138682
83808564
184579877
220357487
123038400
118205942
3005772857
268349610
246036513
2421495771
2961185536
829735775373770753
112498502
3742310668
318983999
815129496214966272
277226478
194874605
496651593
897975808643538945
15545949
952932233563836420
325137714
3094360587
56547590
210177223
1337854189
4784626107
2960206479
822964069095325696
771035442141597696
1636451462
766594178
69396277
2865225633
862456346603638784
81023785
4539799354
835750970881605633
741068572466810880
45711835
190594997
91443022
2394726864
892985240465149952
3359428840
178541429
182925606
1833374335
904186684660645888
333687095
378597537
165463929
275616883
232256832
47323932
4596074955
710538909290201088
432984757
557626454
48329503
327389987
61910489
234890279
1968771350
1170313681
711586311589728256
2302578941
61206552
833101180758851585
314527587
1463120023
821844648
204137991
546125980
859907841708183552
109882048
2861083739
16152698
941702810130886662
397608745
67375519
820966486298738688
4421490737
914890817290063873
320916324
154279535
817545866131152896
2975782727
200652435
170310915
2435376143
50159453
79166447
38572792
1548445549
126449947
738133041399226368
3353088412
153068983
16713081
4213083424
2565965203
2891239233
2784479297
837792786
364316671
3378177443
759407947
949060362460188673
4902481799
4019247215
905818984431443968
69681895
16955931
195311282
319862700
2253860402
113208604
947984990687711234
841714987978637316
534696452
51797894
245195894
763170843102851072
887380957191426049
3743811387
87433105
163730851
3408020572
1283450400
4857979461
435126845
736791252906172416
1565568212
2255844356
280147714
126057307
768508736776310785
49455892
1213311781
892797194323013632
189605798
911079247254401024
2438939200
126330759
1060162668
48475861
317009255
159661161
897730329003397121
171373364
768649012744511488
237019028
933353540294270976
2968564683
35955429
122449640
84351850
794201400611897344
2290582083
52535939
869702500257075201
920117363286183942
3433712008
4900263989
925238060169736193
3293911856
937154070258831361
936195642728304641
1467721214
57304102
922201660344229889
191899843
844609433950982145
59599876
411052024
259828860
1518070292
68859988
452978935
42686304
57140840
602714906
2923383694
563094648
767187466793127936
69496109
2871498080
729816019892604929
1017535224
324435809
85878737
50937093
36517815
295437501
948052062163689472
826051532940533763
172306693
176200063
1349175188
297433936
372645326
1704513992
951806284185128960
50296854
401026755
2890020910
1334253602
228873265
2791824136
3388035453
178552039
2977137790
913600937217941505
1889808770
34620908
3082121914
2843999351
540189557
36420245
44170172
814292613188685825
103701360
119066497
89166998
142779158
2414377808
934906664070926336
99356099
384196946
68861002
54795002
931167689053212672
14928760
2429777770
4323116674
3045124835
885954626465476608
2439052732
35266289
811307935
806676089020043264
2925514058
901823838878654465
3378106463
82222992
159549205
989053890
1852099657
3981703534
1223377190
887634069588238337
584193048
932097641923710976
1275083088
52241729
72737624
59935696
748867245980385280
96453209
294903092
2750788314
956159194427740160
910099050829099008
871133532810125312
2546772102
51870882
78084750
225903262
72256690
823892093257084929
344456602
91119538
722631983290048512
16521977
114273619
1149641874
1395584570
2941228660
860996604677029888
2981447386
2983063581
339298545
26800143
100282660
902992093492207617
756893915584819200
213001994
171483132
784411956518260736
2453812292
33930916
902972899153371136
4057640985
412594854
50404177
914470404626018304
3431752145
279644312
946096296602910720
905798017386766336
2824350778
2951277237
803613170204110848
861406848947245056
167023560
64065082
72717827
168855671
94644746
263462202
48025060
979627813
355056757
191961097
2310733223
385596977
716757665
400769392
756877005388472321
374607366
266190480
90850710
99148710
136360864
67196433
3340131376
809522787073359876
2741238362
57713937
51367309
942490609444458496
940033298826272768
269499719
2535739595
21028036
882099979053129729
3388655897
929717159357493254
3296199732
740572328988430336
184184144
75431792
867546228514594816
2207434417
2513930431
2748278674
190332288
93947233
2553676148
884859274442178564
172727686
312987001
16875674
3771785356
732879806
161122612
948208476836237313
230515804
2215605920
68572277
200107444
238216541
855115826210504704
1625755663
887496753599172608
473304848
1847266939
60174349
80857523
725723860864262144
3347938515
228201502
469855186
165877526
355777240
766307731
702852995235581952
1968022632
3008719445
155262844
3875213237
1045561470
338734215
1202323153
707624141021683713
296277630
158766875
3090099412
1126466521
124890261
2915636074
55631891
835678458269282305
50371706
38657282
395297113
2379381407
64084195
2926682207
915000518447124480
199746803
335538237
3135443699
836054913583050754
876580786287325184
127560802
3432186953
116791093
721315682294624260
17157346
41884418
863402065871196161
266837588
729820875516694528
2975332215
41653120
193900428
233261984
4874419865
136303037
366040537
285372204
1548460195
446427147
2943093201
49088725
35206168
4483378769
747521024854482945
100531806
4328648607
311199762
4013005193
55476754
912132396
382103278
37404996
908702201886986240
80852979
527918588
212886228
57296139
827183904926867456
51415960
49796481
715975769479069696
208730678
3087432072
873994809442226176
576420465
