1722802370
851568599047208960
888039092474327042
248359798
352646642
2389888002
305264627
800609750
731227847872782336
2573614248
66762249
3589446557
815113243
4531140693
245203254
87001839
882759223393890304
67190850
59359743
94702418
168276807
449770990
953109673577795585
3657826517
54416418
475022766
48888551
306160035
4312783217
3092572929
2561527081
2922044296
3711494777
767885872968728576
3392296385
266121799
941544372
3247085582
1369562863
1375722132
266830050
2484814999
863459952781910019
78105862
2999414207
2531179504
2844228765
715011965249138688
831172762374909952
356081112
1618428204
1100986550
203724312
2356269456
719992403319517184
190783705
418185416
3771819681
35309246
1186917404
436673424
2750516044
773569207183212546
929704937705091072
868409325445943296
321053957
628904957
265660960
926524114952769536
578132460
14372459
1612858460
2891032133
2710271814
2775767607
866386779708043265
842931522047004676
783802258282651648
3091270710
930975208139304961
766440461288501249
2153352452
930856189046509569
592053214
760740890
261543136
213049978
756327423826923520
453406270
196600621
733029174873559042
871094258052280320
33581872
3192862599
124029562
16408655
721396883357364228
172161382
172425591
127390168
699742364114485248
3340067392
914650668597743617
212771971
3387635817
922513446184325120
2725765589
177665890
4096410755
895507848653934593
305319539
758776401805905926
3321579509
15246056
82724655
788092155147542529
1013832223
3072861869
2720479519
954351034180218882
330967960
34618703
43848867
882733805114712065
579337629
4835138613
3385389947
16005780
318053313
1210351603
206353780
2678507336
63330196
871540926807777281
3243036389
1460449765
254252958
737598804
227140387
97891524
776191549378035716
913907700794380288
2268344310
2188378436
861340822264061952
471235904
186569370
3063095638
436969108
405256159
129122784
808846312154210304
99764045
892213408111710208
68509503
56274689
186616065
2701697057
3309812519
2339521033
713425668911013888
732212619810050048
90635785
152455440
537124775
946312539289407488
166224061
52207690
3084928029
226503934
755794987674177538
178738815
41465844
4180425020
735918436505751552
710637377455333377
841106593798324224
603034613
144619510
347448770
2738518035
106403895
2881612125
1543771260
853756662448082948
885315767989874689
3251550112
437525665
132671643
42058681
2730341277
796180188946112512
3539728875
259719897
170498695
3428296762
800829079129849856
3230672518
2548819607
2996779787
952518892299145217
474363558
82274894
2513077774
3087862709
376193773
1714075339
367350153
3376550308
3817965622
39653136
401549800
951138253071179777
813942331489603584
565823615
2504592471
408328274
823194031278739456
736558270723293184
151584335
2559502586
954405626951684096
3234255214
38960783
1660555627
954393819495137280
637149037
200731701
952356764
122781291
320929236
3307544067
378896460
81448760
1708119518
2852557295
927529662955311104
57174123
756530855422615552
780371988
991656648
1945437912
20196071
4307159673
714582936188805120
346135127
170416855
923303766824312832
830052063891558400
228387414
763390972583641088
703818482731712513
2570140446
392792096
858121624943513601
60881028
712749456085671938
852282244076937216
76487789
1378217168
129823990
46491067
2182359842
4475774841
119110532
147220412
4758564017
35672201
448479531
847844733410041856
913898128146870272
228552288
1609079756
4585134615
1323071690
445194692
122466378
3171823721
930055245497028609
383995281
162855032
804431579737165824
620200058
51136335
811613413365469184
81963594
3051666545
168765255
894705957292343296
1075202977
3830804962
350729407
951972803724677120
3003476044
953123571047522304
453331799
160715140
25079165
807888243454840832
2993074306
903005463209545731
4483779586
2670569101
3343628122
2648360758
3493407857
1918576363
1337390754
2469415756
169334492
2329727725
706680291537117185
3739898001
974960466
790648999539777536
2293624002
2815294772
951798372993830913
1257479564
381658306
2887338737
3083244298
228213632
962482298
53573598
2591850176
2901528658
39160660
2772926531
786385812808163329
4796924434
829890722249719808
253134452
82929398
780560957026086912
76679251
900432270242271232
3789661037
881147061734920194
859887615537008643
716656653148536832
317976001
3657104296
845624096801083392
1526365735
4195597942
336697514
83703004
79550584
3379275742
3401721700
719250640153755649
52513350
85362144
2840640233
918560614561341441
34942571
157994707
2726077027
417069378
2732838936
933145533505564672
2312167478
938176621068062720
341276908
4900033095
907721925438386177
29114470
147632898
47422738
2455753574
24681913
70688885
436691393
58816010
794854674499325952
2305640779
2165294527
222159641
2347722996
11368622
766025483343519748
3331527435
310301043
399624221
211227268
274607629
110738705
35022515
4892158689
905792257416146946
37842600
775794413998055424
373442722
2784268040
24620598
945384332243427328
320554315
737023981140750342
736306624093097985
909189142151663616
622502580
839518526134185988
2869017843
41800075
112328822
1687073760
701519084
2747254752
58971335
3388752245
927302128242130945
574094067
60400458
2271223134
3404649993
375218322
221448045
46187399
705827223408910336
519367521
76203294
56206000
34370931
2692881012
22331529
185042804
950388423197675522
509577769
95861655
859931242099351552
79941553
52737586
46976944
758487668175073280
1532135851
888933824704512000
363095439
4372409177
630856360
227870733
4191588022
886656476818935809
1666332025
153577397
175811386
2406408315
294109109
4838702259
1437163980
2300854242
743952437736771584
942857810081087488
3294685708
948703778626252802
739530792498499584
43577947
860576166
186285366
28901340
288500285
278772864
953024140876926976
780212716178903041
64950962
1132136112
30973028
43408461
279737999
317463010
1463533586
499090756
4010843463
428273373
199324380
69409360
411689239
40084738
51798859
111367316
956156123618398208
3154004358
173902747
131269077
166765582
1723791013
154337072
116517313
40544261
1085149063
2861587575
58653694
352525826
67452734
771091977806942208
1179437382
331060215
870060067214815237
848177004
4795031505
951336040312209408
1296416894
35798527
542534086
1484840016
53173746
744312448728047616
51256164
61653786
725437926335746048
810123426660806658
4720822798
738092107437608961
175593962
3985127116
1517155512
22998203
1139753486
772962059176779776
1297308192
301536385
3299820893
18092316
737436470118612992
22402255
876134557942206464
3057481732
61862692
2844004811
922464912269561856
41215707
233733419
737141493207584768
929847565
119151054
835642921135271936
822968976108097536
756554727400304640
4822833808
127244683
780759202218115072
79575971
938802798552023042
237366492
731971002817744896
856695984251965440
3949233400
3174478624
124006567
173516636
1621609934
458251319
548692041
703455622843506688
181166615
334227922
62686516
726072336257040384
2214706620
586033644
3298558445
2786596361
1493821338
101752834
73798169
747457094597640193
892313245
3129020296
839123005297000449
2582347692
380489432
71872774
192456717
975037286
767069777068163072
173300902
189593513
893491285
736257354874945537
87952647
835487301551681536
141439801
2177502675
2667909567
112889280
600458201
2205061878
253669861
937666857888354304
3430776208
823720237019332608
171485851
242442835
282330697
136391001
888363921136136192
1686826814
303515007
366763625
46116982
3079717894
46879813
61937893
3397988056
55262283
1607093460
91338846
2814487623
4611673455
838074036592705537
2302674298
704660503696687108
844936947860750336
416723266
3891836741
2479366295
742064743352020992
2561755261
2453986312
3844813203
4230129717
4824739613
845658317632495616
351177150
273172052
382775549
928252584
768501582069690368
910616899905556482
4644147861
382321303
173497154
954306086
252672624
937559881
791386331872169984
33897947
61582904
64878730
25034471
2400117977
213142115
760294382851555333
2843103437
43144135
755918352338608132
837438633099526145
453555136
2944864060
838542583706095616
635886258
818953815361814528
66020040
133152091
310103934
926670500721577984
2658782264
2840783602
807006279600406529
735688493846827019
727525301098434560
888897563558121472
172981405
2297105677
111407530
144772794
949643811059355648
45425748
419129325
2196903325
904914834910830593
96890257
501326455
2760872441
3317187872
2605112405
72849180
114923568
88946240
929438066976215040
482540226
48131923
251812527
257566037
858500668394549249
226954939
2174653475
793899722448789504
139742707
69357566
44922533
38147943
887514450948915203
203344860
23006123
237747665
75265690
14482415
42254645
3261091391
252274782
336273174
216016031
137116660
174681950
127379099
55725856
2799213364
922883975756083203
51514819
55686888
151977469
74198459
765584976444358656
931875116304265216
146804691
96639729
222593619
4583503708
872564054916780032
188975978
1367781954
41378065
451831589
53979508
907464320807817217
2615620226
80468020
53665974
821823881958879232
108328008
2308646406
171758454
54503346
2836382008
2790547251
946456171933822978
228716861
170373716
808940346
757999769746808832
285016992
3233839808
798378743496589312
29296762
298057917
58634781
262376984
852369142992838656
956218837703319552
52493236
152601193
51662103
173649209
3130421673
4900061055
83418080
118255317
2695637176
146132655
297413680
63139547
4409764497
14432756
896906314848370688
808368341274554369
929895210322202625
3292491790
2151577297
439405318
66405870
2909381763
4655791948
3941011049
342760826
832784731343183874
2732914066
1254037502
278818805
112819396
4867548280
279765959
1729316761
892739852395061249
2915961891
2957785193
739928438581153792
2550541515
3029853721
127262706
779396494810030080
2905555996
721403883461963776
1849902414
134222060
867056783751344129
2735183691
935647837337071616
629841491
337946882
2831632900
2438790608
18677428
2685208053
847906861
1416778224
1738741117
857390318471319556
893172499776765952
1599810740
152454327
4916618740
787446786
331738218
88448104
3383358437
149345493
74333021
4644850276
942414035542212611
841408022492643328
63824995
107723165
15833559
189689217
68736192
96653594
855788522569125890
2474434115
840028747
34696036
2729083137
79479825
176618654
69428038
934914248328798210
938204564460916737
3415862903
761677564674973696
2518034952
2543472187
860642515
497356976
56526847
341501363
616744277
928705477336272896
2897202189
3229633541
23165952
318650518
198572313
101215240
3438662447
2771502867
1426826864
781325194614964224
3670175775
709490290
598701130
52932147
1529467746
3335748922
733028534956888064
61048137
11093042
240837038
2458952131
2660663940
169702930
2717131142
2339475648
17692337
935277377122373632
75883490
375067708
891692965344751616
271493297
12902052
362161460
863614124202373120
883856425092603904
774651723063390208
855901709666844672
93439397
2800353382
2536367916
51724836
122938195
1053843626
63324684
4159402413
2979912641
786268371427921920
703820155
167127498
270076179
789770605721772032
4159434561
736561771012608000
730916644621553664
174857450
36017685
468876028
49730840
4462049056
4159561234
1714244149
775062518
286800757
499174826
777202469671690240
3508178301
940622693291974657
2277831423
4462045233
1164498596
211166317
817195283847254018
922557859
4228898776
2518354729
2860659120
714491166692081664
871369519666790400
317863657
27733043
89493734
897224643886690309
67109280
1901783222
276597344
64768118
1426658011
360344062
1548959606
775007587871944704
326461018
126627936
843957089726808064
787343426765414400
3021765165
3895012156
714539263996661760
2235282426
155021806
816442673418665986
420099690
2878822020
1554280398
4018248017
1201007731
929770668320874496
894222580927913984
583971297
117097189
2769977209
130309184
792454359502159873
4364047647
789705925
509068987
4322206281
296447346
2292183236
2264655715
3330501507
385462118
37061551
2257012682
2640913304
61572110
393629014
53978402
133453151
224833150
956284562
8205502
62952255
352444593
843646257591713792
75772981
50289960
308148392
747060801769508864
895227350744543233
116870579
2609357698
762476989
61317302
103346408
926085590768148480
797866556260810756
59295186
492457380
2922142019
2985880853
714959835599609857
131915783
110926359
1118285462
96895706
489803040
473225935
816432371461451777
2536223416
76810481
286962711
207555533
883681504890585089
132877616
100876499
437822757
287922261
118119555
826022046782070784
837364017450614784
898015422
2288820162
82938208
266198978
926588215007547392
178491318
245558280
130250482
1000129280
886112587347353600
929531975047811074
519550339
1508080525
701900970192719873
1947873211
86543956
773998281106087936
951110875037028353
204099078
106734502
2297867739
3298716877
832586633568464898
321676643
4099199475
2591867012
219749035
503418121
3349188323
913515999894425600
4318910956
4809170955
20514094
234537860
2783878157
942540518222901249
54961699
150010999
3248158139
376569564
896213196310183936
56477479
2779437840
3423126725
1606181900
2161362673
129082283
357018381
3318143057
494255720
828846014576656384
88975620
49021905
53129245
186629989
57014438
353039357
936954011609116672
2453272146
1460885209
845836906374057984
180988308
1249686720
3253021745
295742683
3141617296
320227036
65531157
2249236136
164335624
956745780
45180908
2582408420
192608833
154293437
338622296
162589499
709858780905865216
565738894
2969622046
78073920
942122953235468288
783381398895853568
2800513734
4582466177
69940723
56459836
891841460580102145
206433515
469373450
928056257944145921
3436697873
19327250
77744828
781222219
489786827
95738795
236491197
449040159
2352683372
408861359
283704383
938172809414619136
166797554
1560632046
58826200
390953165
316182341
222895276
1592323494
3234584834
35968962
3262266334
109631661
227394012
92342467
2981398547
927930232685854722
78978220
169457952
2188802859
2274630924
4057271055
71879220
3365319329
279221657
3181686693
326397988
54365311
2830865127
3665430202
541661543
928378748080214016
74227723
3234035197
3405098518
885298730760634369
430130846
3449805676
1015450488
65501167
57313856
56824888
322088053
2277691183
2172302936
29355730
185507264
3471848303
4042596916
872102932640133124
2173026541
560459438
378811189
943588738524999681
189988061
457003830
3303020097
99196711
232259441
276233555
303505171
111729861
790906762924810240
898653259161841664
60391806
66252839
3027664197
3392162057
431172236
46231100
821852953166409729
145695327
354514701
476800745
4718795297
909922624242843648
490709115
322615693
731207574570319872
4632919454
31622624
2257756825
208661936
81948392
955850826823675904
1608204385
3298221201
2584976425
900169758632488960
764548860391911424
287962489
105911508
856662643930738689
765650970529456129
3023641203
144947760
3292800323
883127799107768320
67045362
62049630
2928059320
2841567581
14904591
4243813817
2767915601
2324561942
891812810275074050
862029329676611585
50018747
822827223388450817
57097341
21816283
8169392
235983704
750540388327387136
4755841468
35526656
829154445858635776
285994143
200940371
839153447765229568
228803871
102500721
192583262
956190948245065728
27254072
711707699394813956
726475255997452288
3245841609
2632700009
33109684
453947287
56411371
1306061311
70428838
55102276
74502190
790648879586893824
1219798106
701122291153944576
713524507546398720
825452318250393600
740665893953376257
755822894341558274
849943354611728384
189987849
931272276972097536
1025133433
706167688889024512
383399694
2190900457
755767561275465728
89490692
16056891
384082224
2581231236
331104538
837403743742279685
707700007663738881
1469847758
105028391
2398553107
3141979607
773017860369186816
849791771538272257
63503501
792489036
564085978
129651466
840580887901327362
844220569981784065
711359252447813632
96275268
951927290035916800
62336466
2156875789
954576842
69753649
2473289401
165313424
955820158341218304
2555521224
1150575792
3189464231
3450612075
96811076
99490897
2871191079
118795988
2690893170
2453735875
361361900
956187169760186370
126799788
611347653
35046005
263372993
2722009479
2721270543
1183781820
772495682
195131345
2156771838
942045529231511552
126355152
68549357
352704076
783711911456145408
71516204
135712706
946468494161440768
121257965
750168355613663233
211779341
725523468490555393
52821901
3406521430
3082986334
721244929045983232
184511780
193973118
333717789
802292040407064576
69734618
378952857
831536177035505664
718240746244018180
48034370
710959307391635457
296432997
4757633733
51360044
258099723
808467170640482304
778996522549649408
17169732
246867954
2409396966
29264875
64415200
879878792881348609
2468765535
386189069
884054825058611202
1691088487
730084633258426368
30201853
73979580
956185100512841728
2157412782
1206707808
515628260
58068140
2365846410
290530485
514327766
49934787
2863014190
946594878678536192
874036490447331328
905402113395740673
886771329533448193
3410495045
2748637479
945832000371478529
4038032945
1083526796
476245278
916671777555795968
152792749
1541513856
32277382
843135376931872769
850956948
118459744
53902385
249744965
870678636277399552
1629351451
187587788
832131476233805824
3432350933
322675003
1410683911
917122587121078275
916824762323697664
401420117
835467935485411328
370860598
1904520518
946513185326227460
1112736985
396191481
1723375146
932598708
2252173290
256304312
178405612
2895086529
904869386649042944
2992533382
174005006
2411312370
296432201
66565470
37130895
3387751947
760994758625992704
3092216933
61936860
939619999928475648
717090866402295808
3295672152
2538053700
150611962
955475701213417472
137389331
2597719474
878810302090969089
903571047596916736
424579713
428365633
385477274
108063798
386801625
69034370
892983885327413249
3160699630
2964600857
2964598271
231575875
348784601
72705125
910346672894566402
20245684
2976664313
803592736171589632
813598516719325184
108246804
77762718
3020468129
567180223
821759109229854720
463009896
883703106390937601
2949666197
153922272
2706816902
561649957
730944931150372864
952328359287062528
3229721602
3732419595
231105119
948381409017819136
3005568640
223183926
115390075
706254426378526720
3401974493
3382471883
1914571596
4705110196
213681285
4664855235
832283584664915968
53395699
560180914
2493629803
2327081116
254652049
59837962
857965612974452736
52043337
27560459
1355279815
1653575048
2284061401
4280840902
103838718
130233687
738502433287098368
117397243
932747123409465344
935332882540875776
970448630
779904264437133313
530974491
3216153793
2798066817
2812039460
3806946137
956176168423698432
4571633002
241959180
1290038846
83846070
114378307
256627141
158188104
754315041931948033
883075124597075968
474202387
93905772
2279792396
349003433
290851017
227029374
67205005
172456465
1130716142
2282456143
300218001
171596995
238217641
86562604
69920698
304047501
610364610
777562973820911617
3400322123
471090694
947574472248262656
2779535069
613618613
1246806954
949066120073539584
113442549
287433218
160762194
704076293399257088
58949694
3331594997
107160606
2630291484
862365307347795968
2727586797
793205185711599616
806322794875289601
4302027202
917384765115944960
66831264
331953169
77408077
735864079
2930243822
1375461493
941632105
308615381
829164297037152256
846134096
727673287816433664
1028344501
308783358
3788119576
16313095
2236861724
217908983
1356765876
185795785
956169363844837379
62144339
1623997009
148810068
433886519
358363769
1470148513
814358260048424960
268855506
567327643
938794070134149121
1394905352
1909043820
499793442
195499046
943899040273653760
1594373797
711346482843164674
802145396755693568
4749824181
298379846
466774220
58360188
321107608
69031017
3084759280
3094900917
37271955
2765291081
72408872
701570492059275265
2185730202
105638907
276130995
776960755866431491
634283058
269027212
169493457
1562310235
717442336238780416
1965699919
705172071
440025326
302696071
76474175
568528674
3041264111
1961065152
2288895172
970130329
174214082
3254193323
334864982
59702615
87836909
948783713734873090
1151388890
709803223322927104
104378033
910520806047875072
72174213
405167604
2836377093
235300096
27702071
76068039
877875425162256384
3152660597
624743354
110989173
934804308918505473
3300427131
2445850688
3313693865
933119934443421696
349288353
167948568
754003354506956800
367867579
193898184
42244291
3295763612
3025978573
176821662
753681246711152640
188585126
35822568
823569576948547584
1357571948
216724885
3054426158
3168035758
952020320
952973247993262080
884398303
153573436
891088189087248384
736007134383616000
842906552029855744
2941043711
180139920
88009745
55259370
3353151934
837114735736803328
711339028348604416
134180991
3732151456
3929193076
2952125716
155691066
2973409163
925204456647614464
856629284248702980
4850473545
899350582892404736
110480825
1374987888
26041712
2792446252
199086340
807259510234554369
331674303
1068078368
178405783
267187683
2902400159
158777564
904407652448563201
961429296
2832122956
915031942436917249
2275518200
616569783
808828035285839872
288466357
3244237751
3378769901
2564454076
539769783
1236948386
822593332161429504
2866120723
2210270314
911339785582776321
578423695
345496672
474311715
721427699676352512
70561322
2211963197
802327789412225024
67697211
823527451259207681
1408445736
224719983
2747388393
3317618397
204346309
877624533594845185
859908109086621696
187966367
2345952176
953017055091052544
1279017762
132583409
943397610
1332030889
2511407244
408727684
2836551183
53037010
830877357229608960
234384004
238727586
23984791
702323759206821891
749709909156044800
829875294697902083
433276278
2893969931
918541499494789120
738120762196905984
97531572
198602232
4819891913
186965350
206538611
231508995
838830703005560834
107529978
883035951609651201
26305995
715201489623457793
71883605
2323015655
148125313
1918419608
2661690406
431237786
2587514294
110248323
237030940
880118434088067082
929931298596147200
1569732752
3081050015
4828270217
3393731607
1347969008
178553405
257755337
701507750858244097
182791486
110509070
3062424341
568591861
138620719
1920895292
38873640
54056435
3221614036
2372348934
387382985
24794302
822615088238575619
357168800
75731649
707496591914090496
241086359
126128572
386273245
484036119
915787628
809518226212261888
1403421871
816008814373797888
4106081902
1140758852
71670550
2412555402
94179082
2924903873
237120869
227008438
71628459
206396925
389809305
84181284
114939197
80010769
4881951287
425824775
159592953
725000299212058624
34695214
39837411
41727411
3344224221
751790090704285696
781879709013532672
889631019422420992
3506114175
897836538
349189254
4550520555
167566053
913448262023176192
55292182
4847461570
198230912
46702458
132031001
81883802
853765950
179263223
859081595399131136
636559004
782725632438468608
261760444
2798395805
172530007
858554378
80329173
70494804
3380821433
218142145
901149839366533120
521421497
319687076
298207476
183336827
73623629
15896379
838454865978351616
548827213
875072728088399872
394775966
809941426981240832
1133573881
2932865986
811001673816674304
282601658
302051527
794777898
361523477
2801456363
52919615
899756952460427266
840945417101705218
516112810
274666637
324068363
728777007471972353
176630603
2946539627
426127312
119934907
862425115291680768
63900817
2404758709
2624631989
871788131888099328
3109093719
883475357176934401
102214365
102268752
1081964316
253571806
121259371
855138399132504065
86130544
488109966
894153871597195265
293080693
2484813552
876991463283986433
955160481878159360
1972078585
3165087909
705924133096448000
888253423488913409
4418440587
872252754936385536
711859763290710016
3604849577
588506694
66897633
4850864739
2468551794
841046766837497861
73436065
885994113614721025
143486406
1180166906
257289810
127212209
54990832
499921253
3447250756
257039671
846149573198405632
143970068
286182015
956148515016790016
2485277926
1145960125
209320724
2859092257
3404213393
866890203130101760
2710468036
112496128
2352360600
64202840
1661108066
390947095
984706424
163438122
53772029
3535328955
225151930
54668377
596109663
837670084520919040
1006248133
1505303982
252811416
1516039603
1347874969
935729896156024835
2186879582
146014393
200610355
12826322
953736841307574273
1029044250
54477058
846544863562792962
17123961
567789577
68518732
884435745414537223
737008438937538560
88285469
64466947
17090075
910562851122827264
821483719437537280
436168256
397016355
222072826
3293990733
122678458
842956942079377409
428298353
2334059695
443919938
853983575305322496
230902614
304132292
123567016
29820740
57140775
899371559487496194
805566597943492609
131275373
859949545844822018
2483150677
153884777
3001252911
864824474767691777
809123748590850048
848374667643637760
1480904180
395011753
2414047433
164779295
549408467
262260592
1494363866
2631575061
385354201
51423631
57414809
726374280
46933795
952999521985941506
2935705853
800770606895534080
115727208
3837909317
865725776804667392
276697644
3004499837
68629836
15106368
3060920902
598759735
2853238599
390500192
3368180475
132967167
4030881435
4187909913
953408640504954880
885668748723707904
2843475976
1223539171
1393666200
28377532
175808340
47111304
575718075
39407524
2897359144
956006876772229121
67726701
761805494
801063396
355245360
58385891
236238738
3027639318
344378471
815762014366797824
2683683144
2435940793
41659042
392674220
3119584803
215420794
64261492
368912462
809756697065619456
162812528
594836948
3051400804
34644493
365668681
2600362639
715698979481194496
318605134
2941568013
365513024
1172137124
388357140
739061101
745554246247026688
149698419
842441466135904256
758808522549108736
207503665
284092151
747526211518205952
2669777542
1329986743
3834962482
3055453703
373337858
2203605426
130230700
804333754823147520
954079222435385345
2966929743
1626362498
73058790
946069712
2227450143
150439254
4870755628
89953162
589154056
842132453020033024
49810859
2471626100
3153558413
377557018
2813928273
1287408277
377677070
413306438
58055404
163661699
760557686
71096908
57480755
369794812
805874828809039877
140075357
177381222
738172450995736576
2443158190
216370632
68213311
710292950970982400
4550317786
2787130435
4018298668
269058006
3912783677
773343047690125312
67653405
66505562
587469635
410319755
2738992139
230558044
859736343865430016
2252849934
122111781
334286885
258746102
488166984
69681616
164271643
50343413
3246357585
69712655
30876416
2771281503
2499547741
19859522
715580074448265220
1729734954
886334141813456896
518720334
283695982
1477609802
4417013451
45584974
1961296898
1058989957
1163848063
47984479
2840674403
8459732
856549038
1660695121
353959875
72541948
379475361
567728394
808878184829685760
100018966
946359994437562368
4047045736
412534767
56215310
53246198
144846064
3376765529
376177628
346013802
803057674770382849
1934358445
208010061
4893369839
507916196
2651091905
35749710
908325427739062274
80837902
77341314
160703579
89928048
888614297353555969
1228004366
271954992
1527912313
371751420
348155257
3060325149
1976720053
2440288465
152286237
2502839032
56437792
881925225788715009
233974916
486028165
252312242
4245451041
181634949
570480054
4727847681
459671477
113735804
779698202396205056
2247218669
712004725353226241
94169754
208069456
1897134230
805788147602911232
454370142
745692192
28128002
802478731105341440
2896589517
535999270
302959597
2828154145
918764831477518341
363811301
1475982288
27530426
408549512
484274140
342146200
765180444832915456
706274909446602752
2654480918
826564812884815872
338302982
81666159
868513362094764037
813388581683294208
783494686539452418
4234745199
81394185
716765702099759105
68195155
50396480
571768072
2912629017
2462435616
2895761104
908130514095280128
852146932982173698
3009039605
377088447
159045435
601861489
3020521109
763366951229988864
1481246006
45061349
939641458608558080
34286224
59939842
2935262518
755175720633139200
286319127
1668523670
746112824535982080
368370686
821108243162341376
597573130
69019025
63615865
333102545
61046593
834853698824237056
1658326021
101537126
253600293
38898500
74568493
57782566
2448830465
737054059421683712
2887472457
2379414209
85348511
925389973
4819339641
536838217
718882501847040002
37316428
366678649
771353030612619265
334327003
951082898546921472
829074202871357441
799512161177452544
295595310
1357537712
49982798
560023038
62338506
58328695
765582163886665728
747552715774005248
413447673
333064143
2885517157
4813601152
420976814
1608316452
54172293
3898948216
200298697
62931123
950275900570038272
2377479038
359569903
314236699
3012732394
479570989
113977656
169574699
156073922
158451670
795372855479455745
1037974070
14987956
52746173
404174481
55053086
1463566670
723934690172911616
946441457229074432
871709211830386689
4872446481
1529264076
927578655706025984
288611080
452444100
486591357
208737351
461993256
45179391
155691799
922201003965009920
1011367170
440474016
4290706468

