3128732737
928130773152124928
254316467
159035296
914747935
4293057442
3252181216
224702381
208577217
410655585
1424382415
4194490175
885810670717079552
264537541
885324052222668801
268330990
955911407320616961
747774239399378944
378770898
4814260083
3462238936
4890687269
956222433773670400
724762789743566848
2851420277
2610156799
938180643065946112
721154608576491520
886351599387496452
2432170855
4519935436
1720924015
4840262903
34518850
898048723342807040
849554587656867841
260709741
188865871
594105756
2314068911
266415072
792203275
1458246122
1924929906
121669823
275204537
925592059146391552
186900540
2500762786
173310216
185191033
709911025081065476
3046862916
392449722
398644017
3368326677
125397551
2736098224
184639713
2949163973
2838925913
301034179
1891655984
1705649064
370953482
610206288
2294702125
118171899
768109231
1653907866
210787302
2494310100
1666591518
167996408
1624049390
888746710670946304
740659323991396352
4429581449
371546732
2649509616
179563784
4624652921
974942155
137571616
740267968790155264
187234192
716282224
954717891231993856
2752272437
886026356806627328
1354985582
463253459
1469391320
142682650
923711387708338176
821838762430840834
4873896923
1089728444
2162459267
4871641385
164042957
1962644767
709777147808911360
853950045724520449
630276682
1281439802
745746892118700032
3002855571
226561190
942125916825817090
1571827686
942854763170992131
172873363
210935992
108219334
704853192773918720
743221237783105536
756202151500742656
2155518462
875882243364982784
619432463
781849538931879940
59787383
146431317
728024487355162624
151676737
745019695074533376
1394869950
4896706619
2448657036
197194091
1315716486
188400119
195603073
4588868777
178879261
746092887935455232
1222621982
145061737
622389534
145779595
3918688756
185905083
719529771193999361
115929151
163145475
179346830
713841058011082752
4195171642
954328143002787840
1030335350
234936389
4247442441
3337546187
3357565367
183454242
49989883
3099190497
907602732906946561
210537919
8474942
8565932
568559126
739111348953583617
150264310
290254208
208543060
109353330
3930961283
744703980719190016
905566472524754944
3230145635
914634354852327425
165782032
949263204873621506
3393316054
179553793
813154819275898884
3893850623
832007677291134981
818640401460502528
886759795981791232
858027742834696194
4696649916
127045367
909534561784205312
4334019921
161486137
625952932
173342966
4537884082
179946019
151665073
182011867
438397335
1542328532
424418331
3426053313
38488855
145063931
263127908
164350783
3228309136
3003521747
4285527495
2712820752
4823871099
877884232722501632
260867002
182677823
790617182
746148945861173248
716966221816709120
933477381003730944
4924373523
3372620381
3014345867
923293047990968320
2352210584
1880958697
366837022
4486646963
838215425284587521
924355909459042304
2413017614
796256028
4561458511
276517334
4228795527
953615537107537921
585205927
4145398043
2340060622
1431189150
215279725
150371245
2647642207
881167176
935899801715138560
760283410900328448
607513888
127841183
189015338
212395313
2553494264
297960694
27047088
758466578400833536
2531359745
724991849912500224
1101614966
1358536501
180185008
145043868
105826958
216960357
603298308
1155521388
3102634617
1528822513
4198045713
885945632342585346
390427246
2317821745
260773916
187453746
168682450
1918342680
288212562
148681357
2205950088
1202433818
196172891
