1732563618
925553176736096256
39423041
3008193664
810474932165611520
320925080
39156232
169735769
850086940854583297
179110445
950713097567834112
213519812
882906050273431552
926988133115318272
910586209319243776
2474308904
255455398
322768220
56137447
843652881559568384
2557402077
204417213
3252372617
700877126665306112
62140453
826594998246371331
2996832729
292034665
279170358
164068181
787779732410597376
286785894
737678629799395328
184225398
941760300906315776
4110277888
268594630
828400982396657664
207183328
2480781667
2803303935
844521348449865728
866387823817105409
114962636
39088398
91803597
740528620410699776
274682539
2562343832
48203810
841277164490223620
94906913
149629501
341176540
2685619861
173851898
717481808854716416
995863826
2666044872
3012883066
848585900045066241
2367003243
195458943
71115912
480516128
145456527
2252481990
4925039705
956227877548298241
581982510
4921482016
889002894304956418
859575832943185921
245952550
52490830
4903261077
2435408934
905191712
10835862
713396826431492096
29976644
262322920
858067727059214336
1308701510
298578141
2546280897
161441587
4921853470
154923332
2723966402
938864362395226113
870991273
3402149422
2305410974
321099143
718164276477894657
871133532810125312
945456993652920320
2735754850
711715387260444672
704776093937618944
1714446260
101255538
1191435649
836920478568677377
47650413
3167827457
141952000
907589654169387008
462230298
955818623519641600
3139033978
954000689151315968
137141883
9809962
271036495
53716625
274830347
3396061870
136127949
266695015
864461339032518657
379990153
545627235
63330999
2539931646
36879200
143931126
730879886139789312
712304756824342528
2613218788
948627744845426690
65385817
3188166737
770651190392713216
15357211
2483070094
854918055020949504
780886029452603392
2994810327
2826348299
181641669
4744832267
279242355
344965817
1304752723
222082190
214589136
909234615096938496
729966238189883392
769152341492850688
278334512
114251846
469855186
1973571050
1526013270
4706100745
839931256821399554
302687622
380492318
946175973678092288
41016822
782008311784833024
996054673
162543160
1538741966
2721400132
15399753
2650714156
600083336
143775432
1608672294
188449767
237860405
4149232155
822803071218630657
952879854323683328
36962773
832737024427765762
243933509
309118491
2550020653
3233738347
4290708089
906668840720977920
803656242375827456
949050626373246978
396771347
786217594906894336
1109993149
1526338842
615366666
3816472335
2918895982
590657052
45410501
722891629674262528
888441492049670145
52364309
69866064
41842014
574536371
616668886
569104960
220084695
4861325316
917569655006474246
630635842
245782519
65031285
3056484596
3185290012
800172622252109824
347496028
863346598075654144
50868716
225959773
250705656
185754412
69671613
1257398203
1537543237
248429976
195014451
177654213
2899390769
36538159
55034130
158026996
222298302
384901069
2966837523
4587490647
813740741382041601
60207311
247418570
955194063040413697
1224355981
787054378867916800
3002390025
4886722768
95351419
167872425
35853177
271708979
2436150372
277270864
1692318114
282742693
947998681407647747
514670480
707624141021683713
2882906373
133413241
572121169
484068683
804346314360258560
894368250414477312
214253796
131133702
786609913548144640
1730278382
3138265925
3148449437
3086803878
42329974
300396573
1305446390
3716588955
265155249
55344195
1289469031
945653165042688000
737453857
417178879
180669004
58599748
394052475
2365699398
67004054
38212171
204544657
4594082001
884964388389695488
797987175715504128
621158680
766753446
886779999646339077
816662381237510144
750144200029704193
41653120
1673855102
34692389
888401039040409600
1470861504
114829879
3430579263
2806319989
833670609959804928
47487189
111851039
2186510680
119707496
343044834
144208281
82390584
2437579938
947191216655011841
56793243
55207359
149127116
712879375
10365672
51551104
951813018576400384
852102990962061313
725314578054258688
707772568
52875242
2866190400
285372204
2369340229
1526332417
16275732
2458940591
2779271667
2722286068
4229370766
2502161018
2389524798
195927428
3309573909
2427181971
57658217
1137015991
186928981
189661449
88062220
1059153824
938156061646876677
351244070
793918292826161153
2925819459
80943445
2444573281
900415988054806532
293703840
890711538658574336
714903715359105024
412305893
311553069
950865935816065026
2160833245
3530074653
139815254
887751649669894144
54599648
559904114
389090288
4372639162
812048544941142016
1205903066
204381497
2515912359
929097406507036672
719279518490472448
2558898251
177004687
3290584239
2192277257
758922248493281280
1110208027
75767378
276961943
173259652
3352137868
568566228
4246387672
132925844
73921043
186510910
136031308
762832647349559296
834740549257134080
375269748
916068300232314880
221954198
171716269
139524843
146184375
2688580934
702479745540292608
145350986
2907726251
434600334
163878873
281293767
3130200802
68028488
801240265692446724
3298786025
749765705856380932
289474565
2895278032
152659082
956449286
56726944
2254250912
405048269
970167518
89274864
3396484486
109314353
907341102260346880
723990085847363584
903013080396910592
946783476
252804420
4198294462
3290855220
191181643
2344332278
159647317
3125097257
710470091951972352
3035663506
166782375
4764599702
719894163496574976
2553330008
850732852673220612
862778927261114369
849046256504668162
828329004692279296
2561382550
2881668539
2800528106
936586835215732737
879504021907808257
1575333600
4478196376
829848170624667648
983670518
885195680805007362
2515416631
110446745
565925046
844562997683109888
2254342082
1955974026
134460106
198580690
204959633
90896679
273252622
164679546
865648073283846144
508902558
3286338832
131224870
13626222
197599151
819246389116936192
1498691096
764664919
1277708018
150846427
3581310977
782135477088518144
2472588711
135512330
715846824507129856
70674598
867494036575268864
219052608
810201983302991874
4185925942
161815236
52415292
299716286
112008028
2148759083
195736238
213811565
18897890
3363525315
26663739
42333436
372399408
2845389760
332282170
2279202090
737005170773626881
155556690
49667970
2778726798
815587550979039232
55617804
920087705492574209
325229964
882668880845557760
548733416
2587083980
484190946
4323116674
765688585169272833
800493067698520065
64746148
3222434361
3799161375
2949163883
906127266169618432
733395057542205440
887684908419874818
825816416012075009
66797747
292028084
911513869742411777
886159767730827264
928791743025373185
274284450
901249134228897792
742130026674552832
3425081987
2708780457
173480650
53981294
57852589
4835211933
2998000576
747228778473099264
20583478
307636961
120462262
267345221
382804304
129901004
2230799974
76910988
821452098487390208
3907724474
58872492
750419009934397440
731967533574672384
366900530
358475851
3289376987
877696251327852545
4107317967
925286215678615552
1452307567
804540945492541444
4180561697
865250104223166464
993450841
68580984
49333638
2371975681
36162619
747255428497682433
249693936
1835200598
29395691
2976534202
81106169
2943093201
330498165
1622152368
39918555
95466112
3191793090
2579247337
22407236
167565025
2886313133
71487031
1703690924
316097660
2739822300
251394820
2735075193
272067760
869360878256349184
23074721
736019661582635009
886710556186603520
189701514
832982379325177858
311199762
758840284054560769
134958852
919520150851813376
3060499649
2199929272
105200182
2796367150
61589582
214078766
118095024
951555983800786950
153512249
1287452982
31256054
155285559
2575785630
22389379
52737611
751891574309654532
1713761478
917864076839211008
110454744
2239653644
827410298
3161883803
926449098894561282
280488724
863512571017560066
3308592442
942530368120524800
895423562521219072
85882487
956268798654500864
2843999351
3022253218
48792934
872902135637258241
176604582
2807345853
59137500
299769897
98786972
313339082
3221388075
125733329
748634503925669888
4850420290
45715091
365675893
827350368266895361
2372871488
1520987053
221385815
2165831072
17474481
941386423990616066
4874419865
28175946
53982750
75047833
233551914
1267599439
340596083
3375101591
2385926208
144608498
758435406618759169
802108939995230216
1210345508
321088991
105985866
2244366025
49210420
70988804
790534200474599424
778995859417686017
4310010279
875320393887866881
816367304808267776
732771960548171777
3011092619
133368173
71125678
230816274
1463778638
778270715531460609
191576489
781884164056477696
2358185803
1026932701
916633466346856448
746809833114968064
4655202712
126992065
2827477935
92736387
1431917460
387242725
266877875
1346754374
882952885830594561
26505047
62289645
34777829
2946938764
17468407
4704189044
1532272628
3225932709
264513310
187050904
732186416533413888
873929353738031104
3198388886
551433689
801578822344777728
334824193
709532565678510080
69718350
865733187842035712
52429582
55771196
134453557
3248766491
336488267
779310385350504448
2598904760
815272981773647872
745735574317862912
459225083
3174553000
254302357
844660393033322498
765700891353677826
381223299
60445188
546125980
2897472087
464985393
4181250725
19017813
2782549708
881639806060703744
733055066081480709
169296154
1519817263
40036309
586857535
758762400887758848
125803830
87348345
1304011022
80086548
60742988
2949960646
128385309
894190886833336321
2326919625
40155553
2159839634
133932928
711650157960544256
208220901
2746785472
274643249
2761916326
216141348
1089535657
86313923
3303367648
2660154761
2346441126
1090740446
2768400470
827940278791086080
1005914857
195115271
4203348759
4372121493
1020619718
2556273045
820822881869373440
3346760433
4333951648
230836647
783468829640888320
73411228
2968900535
382348241
2963396793
118723499
73988552
150222460
875514007
824793417129611266
2400541485
3689795193
3350579619
3105484173
573875650
75264243
744283202789965825
1947807511
202291692
45178855
462041210
198533699
3131160027
920315927496937472
53920204
720692654
169640232
112732130
744372384233304064
2201013503
2908200479
792143486397153280
595861493
3308538412
895024854583345152
3154833891
302129621
786365796293500928
2494247065
313624905
3369364888
1472838618
185719768
67637982
3295933695
163220293
927296800742170624
2157259345
421137800
809117023099879424
67676933
447121908
355972644
67478213
4728174329
187748000
780588739407912960
315868919
4472835088
3092305768
732424289769529344
147730161
739528926695989248
3303082414
583310747
192426657
74610911
186971973
393748758
2912908055
834032272663859200
262195865
238642612
179701614
922070689582108672
127659901
57203234
2949545721
746643948387581952
3353683295
525524382
929544366380773376
122364655
104916595
347425489
727322925800521728
863098289062850562
142426644
191867545
1873654801
3400961199
3577017087
1671671857
404951571
293811157
734970719470260224
243001814
421406439
1063498237
903037678291214337
3407574304
735767701
881200242942771200
890093578986377216
4878286625
837073987213660160
909618037090856960
890258157171298304
939605747175972864
308593956
2828746033
3351413920
2907466313
2645766463
593316234
193387194
563094648
86972964
1699838238
153175367
3389371577
3325422820
108068404
822639635717390337
3024441555
3422230529
444903520
719402622822805505
45739338
400152182
3010522882
2478540829
206964185
2544539162
856281062728753153
1710021
293245770
129936417
724426713497767936
1176742207
1943965070
48526385
3213643391
46287722
296516462
1609889600
299130301
190013441
154900668
136488978
774745333800763392
1616123256
411930768
136794355
67924340
347576957
4290658883
751799789101154304
4818488134
48411601
2844546445
826254444673265669
234137634
715717228545617920
739912728895205380
3020872461
3070957522
3331306144
809211878618578944
2296855099
3111064137
36041374
2226355575
934773624174776320
71314398
82211299
127076554
870602433445212161
253312456
707167433648414721
261426595
4606367955
950623808121171974
246991481
873742163015852033
441217669
1186685833
49314310
271169616
4448898201
1400542224
817410472026734592
59640906
230495311
715103937272086528
794704768774107138
114493275
148430516
36330121
64249653
246437782
379017461
1493342064
1175938100
180592971
810993876316078080
225176248
268533245
531658689
353967323
783455286786916352
95498446
214701026
43810996
810881784909103104
1677010788
886786432320368640
124650706
3693524356
2234868220
1411727076
4318071093
706625496222736385
299306376
1438264362
51584331
712762077312589824
91833821
49819172
176129615
732660611218280449
242368750
869585629130129408
795579841831718913
954723997484232704
1621592136
33047621
2846961519
217209064
940221200592195585
782212930238554112
157142171
2468172395
3006137805
84491418
716370497307549696
14724835
917520339323809793
3207758188
933282264611524608
2693512400
59791079
146496334
306997527
555130439
231682420
232840835
770738084417773568
2427298409
930608791116288001
899262162572648449
136018048
340860663
3242762800
34725510
57754585
3019719165
76427068
65076760
35125822
791173083277172736
256639861
2782723906
16955743
792018164
807264829098643456
726027934218240000
3293225189
24724476
850117680384397312
4824361762
53818610
809877704753422336
919002959878516736
250688124
71354188
246656127
3621928643
178141000
367919712
101321843
2460276247
4881730552
2846141063
825777105355018243
363780584
64930030
52254747
283196949
1642832552
64214869
374817182
382674125
165484577
900138952983752706
917123761
889871123013406720
897435349466722304
214980404
265730085
32629314
55849848
739439864
395297113
1438822992
112282611
3288397929
3354017477
42892282
3990138682
847647574651617280
138621725
938868644410548225
410382589
1080817741
177635502
4032404307
160643903
150889078
151464952
903028839038816257
1406382151
314319491
4064262689
1387471890
81328421
2338490288
297433936
2828652352
150367540
240167269
334220620
725080993074413568
125549935
859434961107136513
4279734976
271719008
726923969295749120
195523839
145718501
244685321
152493332
331320110
2420586186
70983265
228537063
778351682669412352
173230368
60360642
163477894
881487469
3309710103
778669121638653952
900102515928203265
163906354
2395182280
715193211279515648
234948461
718272972851646464
2943017968
3098221504
331081753
746125431343091712
435407170
938868477141639169
49157045
280585585
750379479994867712
379586694
2822937175
2998666281
730430396295426049
2581220412
947192600792125442
95466176
1015465021
112577543
1404162374
2485190080
185319742
255669286
153227900
114517529
2916456381
1703018389
1444714632
716780648799846400
46199785
953735488074117120
985889462
980168748
339433595
1040667894
219831968
393737635
27156531
2648696391
3317675716
370970775
2977137790
96771543
921897731987312640
1392157542
819986683970064384
84105229
937894211239731207
162800553
498262868
2568410930
785064546281070592
791025240038047744
82889741
281022593
852226765032497154
2620370507
204200984
133875009
2649826556
463049997
60793518
3330739348
238210118
125568228
2407537646
2965350501
796020529153064960
453165048
51928100
3085424639
3027416163
2994664913
256276085
232590154
33509233
911970556752404480
876085453971181570
3074280296
438828013
204539834
55570925
263854518
873601783863685120
83714695
290696042
471605095
821806130439581696
263631909
170380672
531302655
69586812
240888445
188966358
1452970200
2796090611
3814973117
163331292
154279535
80903753
828642008306688001
257286804
4795475118
14767058
131756203
124264963
52835691
237019028
267241797
868914955
283637158
160399006
2710678881
1289086200
779329974788583424
751497196944719872
1397250865
332604847
20105222
159959570
474251763
948672266904244225
2553279633
139174474
51508026
823495092
882455577544327168
939543409982918657
2485171815
705859844176285696
184898488
833775439
825151727410278400
742788152
930094176
2149754700
158588252
2342305968
2422203463
719816993
2390911574
2302022006
95949366
211665455
334858901
64738438
340088645
272437771
576969039
38751086
584774964
370691545
66415911
826943236895862786
827617285166739456
239872354
949738692981207040
591979315
1056074210
953093363917639681
1623010496
3633307037
245355807
483355683
63980906
44926805
754738525602537472
74139934
839905681943703552
194696387
824666718605864962
911720381723049986
332567365
1397688913
514654965
389462005
45398743
4853473949
936606485811023874
3251398127
75376996
771374834068709376
376610872
774820925493637120
721877818196500481
1726873297
813819426965487616
450589181
1917896150
816309749553754113
29204494
926278984660406272
200570597
108781133
831567906123177988
715381481649127424
292079698
380941337
2651159225
2916673205
3354087317
94534701
809208125098172416
402316453
2479812011
1038488826
98369092
38736354
1604061776
368648803
502113330
264258756
3092068553
750160330052005888
1053960368
868553956678619137
615694407
142718126
221563253
769877137
521528694
4204724902
2167085112
230011807
90640755
506775546
39918215
87810812
820997243633303552
2650135408
884623399720550400
761361682904088576
4911589851
4256750416
788144169852211200
59483064
2987967273
1455100327
69366276
2174898936
180958997
574008277
179378374
731953582338113539
59262540
2462725642
69966170
159624148
2584672796
116170149
894342120726835201
32324651
77615372
709789728699260930
2187289100
294930704
97551306
4725898815
842888274863566848
796225853965352960
17684271
2825073552
1161233047
4244523718
791096069362970624
875208340741120000
56866230
55269569
2987365984
2269984673
183380341
154894795
873585710208618496
713354827833688066
174367812
1092703482
1720249158
251298622
306481876
3437458041
91899715
993654061
83699206
31121256
4206782237
1680796838
955645297572671488
115540408
68265231
234890279
1240124936
702158773490741248
4884018316
62529283
3720256882
309387737
405173372
1611539958
139586660
174834474
108687161
752722482289733632
931227717604904961
4194367361
559058704
263243015
159707158
725409499121594368
926931994927419393
130334297
182858634
95514821
830490742476910592
2587919536
18909114
158146920
912806243764510721
237905484
282777788
94644746
220391627
760190274492571648
902972899153371136
3674237776
514813254
1431784578
2735226277
762311025240764416
55050782
396919331
1392120913
858295099960295424
28476865
59823690
1935698670
757429904879263744
3921015087
3043280612
3291324535
3044893862
221169977
898283865906851845
299990771
2448077425
2208135503
325072339
131955302
399949776
2511468072
177521150
89166998
401553884
39419059
127596313
65392917
178310396
2262993026
805236977771642880
294959948
829180654965370880
3307135431
455857361
92265703
2961147273
298238522
829166128610103296
1388359573
2845361738
57822609
72143280
2714467605
39546246
569225068
183994401
58971240
286742422
188012569
297731188
730259820062904320
65221436
708109925319315456
2614041744
953055997660221441
367427509
80192489
903970388249636865
191537386
2766501856
845005019510423552
770340158461927425
797950072197697536
1272796627
3057609431
113157546
162139107
2546301962
813521609021681666
4832712645
2558019780
190081985
939246697
4057655807
318760383
2887905299
701779394
188070289
4828572419
456783570
81721342
221088906
299981580
2274738519
955923908418514955
62338337
796485286091964416
193761392
72669327
252167009
874664451420688384
2985084503
3940173088
758089117574004736
3065674865
53188419
312951390
48218911
3397765967
214923661
56418373
732030404958539776
2420650523
1317652116
841861911683706889
174422914
3902880539
797010613
52031026
2505176873
3366802937
938590813436686336
865764473306578945
586174861
17187538
883553426407383042
66146040
2183087654
505354005
334364434
316012115
128730568
485690822
75656975
3073565266
808062931728560130
4518188919
869040172104658944
2280581212
185042167
253823908
295437501
84682810
58614510
1146775994
140502540
135518373
2855628218
1636803229
2636251995
724504274
2965254429
77608640
342731637
739448593
825286846116724736
880836267042275328
870448784471457792
334119091
2457424330
64211210
2922668692
439345396
128568712
66558968
1610963467
2416613639
2363287160
431237763
3079044524
4714884982
3433721926
161086192
809724180665139201
4179967263
4869343007
1735101373
25733904
2730455311
126416550
908143050999975936
161807668
3793697369
1436364403
726118930859851778
105851118
2484143805
847199632690237440
2309128868
48733774
211303867
3357682581
56914384
485877002
91208668
909728239651835909
766084445816385536
871348386125008898
294964670
893052221390282752
543447547
142705170
219375178
954385364864643072
231239171
53031083
1623617868
164740129
26277206
920393441678422017
378978130
3378908920
803757992235696129
917616018666684417
318681999
913805107606716418
878984828691107841
3368107847
4638421696
116289799
701911414571712513
855381030634762240
70677849
324412469
191837512
2292227291
232334928
65759788
797121420341968898
1352660918
4776538997
1373179832
2188955032
411832081
2854165726
285941178
2294178245
2583917882
801024628072255488
360772183
299161902
122685235
181258277
863819098786070532
3378974279
152624555
2691328662
341926603
602238947
502005755
20890203
603269491
110163364
2158006172
3829109525
114273619
58940841
47673508
1319559806
124157121
261937064
866799762883923969
3385122388
363424822
2391784560
249753313
725723860864262144
844340143
2398444453
4444159881
384297734
2980164580
517485914
859121030790610944
304918906
589440264
722940842416013312
84925552
952009642862874624
50885297
1287313596
2991035188
62537987
151249414
31820214
4608082216
154588099
2998770159
1319175158
82199126
266231426
953797563655835651
941435030148190214
1012409232
367840397
717567578537926660
17503188
154857093
754752717046812672
3327841582
824631064924749826
779130012435972100
896906314848370688
86429015
951852083120091136
101304243
188528809
75147499
233949062
2949643293
2970714137
3867163162
822133694089560065
230523639
937473989223559169
2576208315
4495306479
180878356
178012538
817033022394470400
76407477
4107758981
25218499
919348952822149120
37198804
2198389327
936181886665314305
178782940
908771739890528256
765898838620119040
942021756503674890
73524139
2307463172
200013990
260486472
905094926345670656
3352993617
42262027
829462746198585345
45469076
849703039460147202
1380662802
765904514159415296
906281729048145920
427702859
47823623
752806524972597248
1623469622
386379476
3214574695
1091225208
702847737079971840
783922299154132992
802543408237727744
3044532504
153418488
870851803558051840
3330738725
127352932
892012190219337730
2959649427
2735099257
3015725957
931833249369935872
1609380572
159659184
100005166
3371621854
295772006
896526820887154689
270623631
4453879635
4397495656
893633007965351937
913756241461219328
848691552834781185
2965297589
3398039926
96463620
274555915
830063346359615488
2820915611
389674351
3655131921
50360012
777717206415183872
342893902
32598651
839208404061159425
2743939173
446613202
315826676
203597023
848386046752641024
890562677831073793
2161035244
2858051854
93867178
2445790700
84938843
950833186308837381
725009739688587269
316832771
72142978
953792191
583101433
98173602
331920510
3364457541
792471087930015745
488793655
338890286
706945051381907457
269110364
1576262755
877171996307709952
2468449392
2624871369
4753730723
1587622310
70218518
923003952274247680
431405585
69445459
1898633263
2507141225
245418714
467548029
58246122
917975810799267840
1245913826
1185912751
1291894268
522854216
61871109
755877011021766656
4033823897
2217908220
751947094034882560
881625458047143942
915356434967273472
132687718
239581652
69836265
3294238261
1493293507
33920118
723628264816828416
881328254581342208
108574794
4377148409
344816976
859122037704585217
775368460905897986
2780304191
4906204383
3068292351
705876811
347180354
1596890100
22987414
3547084815
916650465441566720
3430946260
2770627499
882058335440293890
818786601471983616
2897877826
757383433
3829674977
164182184
275760101
270936501
932272321712345088
839802503340388353
112055709
2342266840
784278968748748800
4496574802
2964334498
4729640242
44267956
2974946302
934988082813833216
1370062416
191304842
539504241
2567791068
2292794264
1038381853
514706497
2743888132
212572336
784516818081816576
718246826
341777226
752319911033274368
1921214922
905569247954427904
4032559535
940948258649669632
779051487653687296
751410881431498753
187346976
179536141
269453347
896016974819491840
120860426
913675604
2592101701
956202324178894849
2878305683
904849154165362688
2996309070
75012431
1090939548
3089822025
77483788
761328434010267649
733460933226336256
569113258
430223214
883131630055018497
943238570294304769
4285772363
1057591639
67074126
723901613488889857
3096883785
2250716019
4307654596
326230950
15318051
855232861
94111320
804367420009967616
216925725
235820756
708590962
3215997246
215632191
935592019
2771547780
163935901
3391248071
175865775
734469719013658624
3005772857
426715970
3314104359
997677852
194705181
255688484
876583756362121216
2911088499
2366158724
770403920069926912
949515800729276416
3122706915
276736056
211240359
1308260437
747830289649504256
198313769
728332815062962176
277226776
838191961760739328
788548809622159360
370949499
709087529899835392
1005423132
579390135
818252244386775040
66747897
1535575170
64357195
956168784833728514
141330747
48434637
902402286
2999530600
898516963
168846607
197451306
833862650165678081
1239740466
364344660
195526333
990837547
312409878
101053801
952037216238428161
822954260505698305
339329678
324130769
220877542
3982067957
218333865
2327090460
852533410706976768
152454327
867003749956550656
329079015
295829183
3452910801
906285748814524416
4130174799
1852318123
284159967
1378276284
162537267
1092456289
882615513406464001
3169005964
711924649760845827
721787974585880577
436354335
2410077665
881317526302593024
1551604952
481058704
316626816
823348734566289413
1424714929
127738165
141396995
195503270
1020177914
1455373357
57140840
50482654
2811632133
763331225423585281
219351697
386065079
837032428837416960
2394612589
2850168093
272626439
343046408
915961946
954703514885918720
385432934
864284183958630400
913888276196491264
555213506
951398000
855890488406282240
39250001
241938922
4602609135
213001994
359134498
905012942
787776240644198401
287467767
3188842390
2779414276
129860447
3316216774
127283945
2646615234
85214015
143975128
1170437340
174648697
830518430587580418
56547590
423009981
48798539
48025060
3318267514
87819599
381286275
1607363756
581347352
901587457128505344
3283518257
233192094
846187482987290625
4852140087
3301730738
2298053322
69053462
281191170
894242687834095618
868522129897213952
163136916
325870789
819031476528410625
175283749
4766107775
215869685
617381574
1849687693
205367304
4244878696
2516979745
802298657714372608
3077007865
1188460404
917547373857001472
76035253
209431561
1016191117
35543168
3522240976
571346364
2764229848
1628836104
271430133
1362086174
2867694701
51883963
181717965
2872321958
833616392129769477
74505750
518659417
1500097454
55927338
242756887
42684941
131229296
2745960783
137741305
4503629063
369651601
369606856
710681224587681793
24389573
710640727550779392
904713216
2237795353
3074937825
549448959
884161349080805376
104907680
886389225804976128
145357913
2316055178
2996539333
209817212
899060062525820928
759858956239974400
855451568
872712328005005312
192574689
117797072
351281166
860446956098813953
770590504023166978
4378250963
239428688
715610054616084480
322314037
718786887142547456
3185397437
353408779
100824682
1157950903
2398615908
4035615869
284285420
774966845900263424
1093272469
312351969
334745666
888811844219097089
139873062
631609795
524024760
748366457306759172
1297421743
859227765731676160
933496194441121798
208306597
708828707780239361
3067236245
838533757032345601
741242326136262656
771791811920719872
126401634
789984154255552513
1477926798
4899129137
35081628
26481649
159498580
2772461105
842094546
947594116434743296
906254346878427139
16152698
215461635
1340639287
1931882256
514897990
3407135129
809796666190659584
92296785
806239553002545153
2571387346
3178451639
395711027
864871478
703918468064739328
128030399
739957535373955072
329863948
793854351135666177
4049040015
2260240015
569449391
53671842
277050071
763507957762064384
796771394415632384
271020938
4924102509
747136107750506497
100065762
2742104771
78177148
264557516
3669183737
212775397
184129460
2401926560
52816966
122404415
4851169750
373031127
2892318844
137725864
197284068
887496753599172608
286005209
875138798014869504
853277267560157184
53176372
363927237
916421467755241473
1907836428
369215401
3319767861
787660848621912064
1241900508
89311291
821849108382183426
826083861771743232
822922440930115584
953883270025969664
228193397
19189629
68407859
54342901
325150913
18516417
2282215525
887131381456830466
945644025268396032
155314492
3383104983
14752477
854364063597563906
754102121449029632
809764004595957764
374845547
771107262203060224
407178905
4376805203
155233479
2493629460
71378249
883442528
2828534309
734093414283792384
169564401
853629602652094464
737251063401746432
1699959007
946538718063747072
266829985
266713161
1563387008
105453192
927169467498532865
215427291
711624272
61460048
915269631811743747
4561644673
360777038
4596629241
941424138048233472
739206118648483840
812112974357942274
3026005864
909828213139963905
279672704
233796019
267473458
830929636213288960
276554722
945315773043572740
140078696
174239236
278170330
1564884846
3193119994
342778362
32994976
2271985255
3350176859
903701942903480321
3232004189
276705217
247044868
1141219303
905942722539859969
76722173
338782589
70194732
3066037595
750743325259497472
4115262562
829010345888980993
910909460935331840
703724966
117956629
62667235
1247721030
57810598
286300726
292586400
73721111
27667722
2719293562
896568941304303616
386287392
1520338454
2205934400
624947388
727569385888591872
705182886794756097
2614608337
3680683636
3112532188
705180248942497792
75915063
62045544
3135511955
2806511950
51162213
1390581312
3430308015
27525101
897599384413765634
874126069
33443638
54966863
2158952205
736941325636014080
783353013570273280
701959566918074368
92015251
779758662457917442
724709930800943104
866772979
591274155
820407126157914113
252317745
607573158
736385015223816192
892866515854405632
332968140
432984757
2355720198
2952243472
244633265
781136904108511232
428949742
178552039
955930072611000320
338833827
3389515959
89007596
1002084158
880681890
400946647
225890229
745437875987226625
1099460293
612634059
927995392775606272
831694988056600576
932677284502360065
953374075463880704
931898690050158593
68193351
2440051829
28986845
4312609403
55596964
54222168
162198914
2439052732
749289395975495680
56878649
808323052559863812
59097053
881739578
245460503
4841097862
2394200639
2954874089
2585766944
127329162
330590923
35063160
95753023
4802647035
799254643670978560
39217586
2980806175
3428957193
769355669849903104
315199734
952395869860581381
3386541736
1941614160
2516048756
2981910041
894922013797646336
751492068959289344
718700904
281698215
3021299315
764287359072477184
388515222
59462506
829409894
837430993376149505
393593171
59125957
269365293
2440978983
2309252504
854877794656014336
955600703514345472
753593347
168185099
14754165
4851144183
949683035850641408
200955928
762031482
82517231
137764732
3060488285
56700289
1176502034
345530127
574850537
54689565
183895567
197492680
719560643775479809
30058272
795328510126653440
203414815
963339649
871744569779638273
2774278143
936234470788751362
781486301161881600
2247171155
2908443859
823724060408418309
2966701126
1570543045
69582188
2437282213
279650718
877172798489321472
2291894827
386217059
894227564264394752
37353707
364816783
785533825707286528
22836565
543781232
159728558
736032358391001088
3293690471
68425884
109261117
254055101
2875450384
944961802739290112
187258407
55661911
760537159673778177
316799498
108133062
865093974
357804954
950487083965173761
338661409
884227696397619201
3031622204
714544911056506880
717765204562591744
45339455
35277181
1365537962
3374191234
2691425671
32545494
2238324483
924684769262219264
1528402267
710310152
1494297211
160359174
2811584007
2473088119
342791362
116841001
922628151955599360
19843803
116251224
899760914253131777
2933862125
2554916681
91232379
906266008612155397
858444734
3416909512
216258094
108610934
721620837313474560
733984648922042368
3400930012
846866296440541184
163078031
182044901
755896179687354368
48541818
252633286
232241359
2236836628
4596644536
80904793
936195642728304641
3353390615
1145853116
221104711
787823204861636609
392202620
2354861492
82747161
928836236856512512
36691789
110544520
218282750
108324485
120589531
210964426
374607366
2996657283
1969289334
897909883772829698
883146849078718465
866020391541714944
1525189591
634660551
2523951033
414839493
869373032967667712
356632370
566610385
1028360545
41650435
745612390964797440
2250239790
1246048076
3080732632
792352814081204225
142791724
399590244
2271110672
1322540798
3290106317
236615513
710245797305163777
964502174
294903999
763170843102851072
707687910565388289
881376122662944768
50814739
922497964559433728
65122713
152471662
852597969853534208
2447524234
1392189361
804043303507361792
3409148319
1335125880
2903160304
271056235
704856414951440384
790284050686676993
1242507955
850460675692474369
1016187577
802717095670804481
901948964
263697442
773666109480378368
759086843321253888
54061263
786594694046162944
34726129
213866502
1056002198
234063134
2427822469
145798661
914470404626018304
932663439234863104
917753600142643201
78332464
199083848
930273471078240256
1539350820
2862219975
78320860
2550173733
28601169
2683445251
333483444
358892158
492189667
706987753578352640
3082121914
38671976
529517639
894686054124589060
42698574
2786324193
716690546048245760
2348906736
823975634
742561603443433472
205971994
337232964
31924478
2582007822
2549452246
98924287
3072913726
3333001941
2636075889
2343030158
73928806
201547222
3400791922
884503919434575872
343602697
202420021
1559186328
513310814
887337183056732160
160342741
3288212885
389436421
42609419
69291540
749598184150863872
581380076
147421552
483201919
276587442
3438594340
210831263
2613204595
52852715
1964985408
55268391
3349487457
231270225
440011214
3236318880
189296384
844890905786093568
249712545
129988877
75898294
2758197467
1646449488
904070382
2384588887
2454024648
175798545
1372920818
839687085716025345
3876125182
76435391
4740213629
33220465
74558556
249762796
298045922
43253450
1489103636
755219570600898561
522414464
955425023891779585
1167550818
1544655295
812705525280411648
466503730
705382372179578880
1906340298
942581679251755008
881961264947318785
18433273
879093322723323906
764079527827996672
830538454652051459
2806563155
139870734
928070531043282949
394355502
2456711072
803246094507503616
746148058786856960
295996726
68945903
847965980903051265
68186755
2891152317
59986195
83881158
280239257
901571270088806401
174114712
713136633466462208
920369738097790981
1488745447
391468661
161649443
56214599
875987315650383872
96368619
730212810098151426
411052024
837483538207412224
207271939
188515149
4289513739
791319726345580545
2432403919
58469316
1957511221
3429157377
284171876
70163933
1892757810
294752786
235178283
126668791
3131690866
161281153
825768396
3390336639
2189637385
814264341738430464
272643601
931358681215787008
3086343695
349793006
950827497561690112
746659606882029568
167490223
1599495589
395333067
765027724159254529
828676253465063425
3429253726
63852380
755876743022600193
122205900
960443184
760488856714108928
3938560535
181363345
726955580024348672
1338102428
942443883950166016
755945160203206658
103297830
228173343
2819916273
542167014
826111689162649602
222950991
304702116
215125321
87067466
720770522041225216
829708319430426624
954369813597577217
51452407
903217592994758661
317072620
722496512958312448
48161161
157164769
122110444
2896674413
568374742
47242422
2618317501
22967328
279165494
549444973
2535142907
4333673913
2751054320
365780957
829097292913397760
888076059463356416
2389426135
1569456812
751228926706475009
257119090
2408102180
469681805
825326678897475584
311109877
953454279934775297
188791763
393054084
82222992
329283054
926262645250035712
2415164707
2864544237
706377722
3351510058
3377668685
716079561482567681
83384079
3000452797
1347709345
325066072
767521136078942208
430011847
718240746244018180
3009168701
897730329003397121
3023464181
805435968362844161
2226054443
714794246369386496
866997668001841156
841836027065073665
720279339611353088
67011587
2697420203
4823659137
67019855
196406390
118148453
800868720520417288
58218177
3028803447
80128141
1304104442
850399923283648513
100282660
67131010
3001753116
2231733300
3627270514
733391696122286081
943570568133140480
1641450859
163145198
49064653
2874997434
303997799
3025818687
747272436
125352411
888578551544504321
55683463
887556560
746841226951950336
707226715840520193
3335524144
2297075282
4867100343
54287593
825958952
860543545979138048
807411253157175296
3222753530
229071291
1337678461
216474492
75410119
228865383
2934188429
4129907722
1716298866
344522715
4572027635
1655257561
170399362
2977518245
55525459
201510386
4048384138
165569796
2430805014
2892732617
36418957
263521337
58306824
203272044
200107444
806663513448005640
177222996
280647392
20984592
46760186
167981899
2306446488
41157139
598096606
319279842
113009347
1219929282
256469947
727891039843913730
1921449558
2348510736
2436378090
854693960337502209
955896765538095104
726305743
850191938
1590119568
284846371
831534299342131200
4883975686
2717102427
3907948287
882411740352434176
2651656021
101110157
3021444497
3402842483
4882927463
894357456
2722167879
180966348
2898606335
715244854335381504
376462805
48404506
2914546839
57940293
290231106
2263527887
69442465
2744522091
951794595175829504
208132506
465343541
870408457618432002
448485024
787972119493746688
2869735953
786624802467422208
1705934616
2699281786
759729940652658688
2732665887
72879844
1599942342
2892438359
1023153817
819153251987820544
2546565817
71387698
51270489
799500408771190784
60178746
66358194
392229271
2249213258
823693437941805060
818970930886144000
26294702
58012368
2482810801
829754830063300611
131593022
2910018111
15181280
877911488563990528
140649040
2719819349
257572748
194225042
784885473605025793
1618845414
278236816
2878277211
318710562
258789689
797247139063693312
333600788
275275180
875581325893185536
36239043
2307528483
447249690
737779299353235456
55106863
2996234817
4242649125
495460873
873235418795433985
2960764983
561071047
373464217
464064397
51655783
2978481419
930256973043511296
167070377
2873065801
721709611414351872
936943645
152394257
71909512
1132608157
248700103
1395024648
772598377775263744
1739594066
3296059507
3050249637
834048235723436032
64708526
113396012
3295589065
2322956732
175719211
748605835
2756377691
178483158
3301243522
455161353
70072814
3027325714
310962978
531677441
232297884
743127508527243264
217032714
952293400686006274
3078187106
4926620379
73540679
33517656
2249085756
856144088323813376
171260883
821022222978547715
2511407244
2392477328
26224910
785044921
89521785
747956747940335616
4776294256
69362874
157503299
2388258481
992891330
845713828465836032
59771262
2507048043
35980580
621199275
215061419
57017624
59847351
2512961019
1524421099
32385166
1191512527
2950945413
465161591
31978837
2243926166
866836546846064640
60832848
1100869267
919669412298452992
57969077
1593310680
911262270105235456
3340279990
52212875
1191795205
337430271
488617216
254301173
3379438719
755176189
2252476160
187561446
893655367686737920
4366655056
263860330
1555689906
50468354
4896390947
104543463
357765760
3037302190
2411878696
818152400007602176
2842201335
163319998
2446297418
802326476976771073
103393523
822661718476292096
911513143372861440
2794757946
3352530665
216334978
266861485
1643995267
68692111
905739292961583104
285321079
556387510
3496426522
748929088140738564
103368198
2290582083
36268376
857344448904257536
754459610338172928
171483132
1081321897
2744892342
51460068
147578073
1620850525
2985045011
765658967989256192
2729580454
556509392
202852573
340695042
3766145541
4299113607
14764517
371080595
81257459
2174833192
65182451
820660928404451328
184211431
539441625
41303964
4046397623
106893762
887380957191426049
811957006798114816
335630182
340704574
342406356
2888575707
4174731129
2306600449
297559885
125808052
28212715
825153961455996929
14570807
889938374500515845
43566708
826248136393895936
767491115746467841
1089369852
866375297029025795
4892079256
94841039
4795711393
3178189247
1036847167
63668757
55318770
4689790394
2450811575
2559616015
55600430
4789748055
400837199
2351843481
1538690538
974184554
819652969
3080917901
268468750
2815463424
3366769167
836974933410463744
879736855461330945
846523389208645632
28890397
1546760275
826863124200431616
747168352066478080
3689941396
2768275473
911572290952888320
722251784
366694226
2750285265
704725227
902281999095918592
947987833427582976
345787446
428270048
805898653881737216
1889667978
92865851
727699486450044930
2821678293
379716795
937096034706214912
2998168762
884913725437874176
33556965
17523132
768138113818517504
916907800990806016
342247119
276666104
842720461758877697
52034882
929928672492032000
4846835739
534696452
801786926697156608
279625575
175155081
91338455
4891040062
36396987
1011349285
2414788886
861891684
1034924761
2843111739
327095629
159271815
2613731702
930864887168978944
234597966
2937099147
3131486536
215065577
4693651332
232547788
3042165546
3408095962
3296890455
833464008015503362
786402122346573824
715554769016918016
2977012234
108637513
3994659556
231448479
142402320
1968771350
824351065105633280
66588910
80976032
56436416
2605703430
52379819
168014117
2147876610
90710225
1705966537
740138018695217152
886745143184953348
312340105
351649930
162434497
36160939
788376640904630272
950391216608247808
217900372
1873273020
174886511
261758522
1125068467
246551360
2849968732
1278730243
755177728148639744
550032333
743849496409440257
899104896338845700
2267987641
3112116256
312336672
829514243837919233
103445145
509071704
970890901
170583358
4744834894
946084159029760003
3905343561
75600293
2306277452
303957440
35417676
82350459
952616138395004928
54665354
797669435645497345
2753894260
2381262279
242092315
162580941
1396167409
345488818
796739526983032833
3297750539
53139740
724420988541263872
105503337
821863412183535616
3091284693
912499280753172480
385596977
376468872
849277654696177664
887358262563270656
704023437
1292606089
184241680
2198315352
16998087
846195388117856257
39807574
378011637
785897967962251264
3338871573
66424902
437618086
744602450649288704
240125389
46881744
933122149681893376
2329306011
14568552
2874207575
159321162
69152836
2216400013
152014042
2860866399
4600479737
901832768597975040
252082688
857779060298182656
47804450
67984611
776385567223320576
926222396528431105
2939576146
4826158030
740701518626721792
2707575024
867842057213267969
2729939772
735558786
2183817488
851148252829413376
1170313681
923966717067431938
741944902624411648
2861502450
344456602
13287682
2150015330
198591415
391498382
2750999583
266634886
3323670215
837366856679817216
2215983663
3582351316
75715268
602714906
200392730
1470621624
822127655252267010
34484556
137168875
179226307
80678642
2382641804
841393696620892160
149734553
715155745042538504
92757054
2582851860
39621720
2151203293
795359839878782976
165229780
2801281108
823968410191228928
79927239
258206760
3637410022
95489953
3402915923
488742598
3308773673
59944158
922838434754056192
1975256821
730757675206709248
16129421
119784296
3355980813
197639148
367273171
68451644
112866562
228432262
450338004
82986778
2611903482
178765187
2229303500
55296985
389614021
3346956219
754704548783124480
908378137091854336
163140964
314011384
238339640
2356741896
830779940450746372
766608889466986496
378099397
824779784228044800
38781892
3923445574
56810667
363406361
2860861229
836635075
1683971106
951910236964753409
29195331
772086997
190466863
47743805
767792113
842051280889614336
870700383076704256
172727686
2626131610
817936887423836160
281016717
211592346
745413516111323136
4866651549
52604012
198949018
758485340554420224
50854539
222233746
393343835
557059898
2147809875
823238851812618245
290342638
781516528038604800
223695662
902228310
2977920016
332804731
1534883438
225091634
961663380
89295300
69582777
40508474
55622327
26417488
267845590
171092405
1963816195
572565484
226921755
2619044034
59869591
1195200188
898355926549266432
293590009
220687192
783085114318266368
2644956844
50092459
741811293334732800
783794412044292097
128250406
770408009902194688
723966531722420224
55385923
333416310
711215578703405058
3033817737
871752191631138817
173321244
86589523
275816018
2458854240
435126845
326927828
76483309
335544938
4736707882
343708033
542810277
2477785679
245953069
151027119
419868174
899159292
33530304
28662843
322892370
4919239533
4593697403
3373215473
2534495843
23367631
46159604
287939883
231112388
2463265870
774235273576275968
4708673374
150083429
103701360
193294214
32931395
3110198489
4510633408
888940039505367040
2964950455
858042225443426305
500848152
235427010
192381245
1951857194
267511561
55291962
2738391813
3414214089
910716302414794752
923289076131823617
809543208413827073
839915108818116610
63588670
36823572
33435237
3093806236
837792786
451227507
1643750532
2878167442
4819499224
52398009
294034676
4921364362
751889081135689728
3083368193
91827419
162544364
289326224
218684207
821153259775791104
263420231
3373153996
830400968160342017
4206760457
709168560526991360
35423324
1875568952
2792288015
806177965000314880
3026305647
3046960604
365146978
766087072713236480
806309068625313793
51046040
131172511
928937211827048448
136417052
138554139
92809968
1066809984
3826143255
4227896661
2611818027
136360864
304389876
224347299
135262313
489951845
4208998467
3734039116
16723444
535960219
3379639649
325328127
804142529625067520
14639932
191811356
1467981168
753988846455513088
917905830330163202
868048543659024385
756314149655834624
33563681
56944232
520301348
341801744
918146058424868865
4463169153
238409479
257619596
3042011854
355702769
63206138
846083654724075520
182146196
110994627
1876393566
2392753983
872484434183946244
547854428
3008810344
1964950808
89274645
755235161101463552
44258331
836334865310183425
712732013703380992
161712872
1069478497
26377578
4114805921
154684944
96327721
311672375
288043194
3165970713
121890433
44008383
440911957
104908811
278031473
2393699237
3514964895
39845376
947310557455151105
774662030125064192
4174657389
929873960627515393
117850750
3816642376
739180931030880256
40303028
134572878
891526039
953845899041665024
807817085644668928
949082153954037761
3148968837
880489719179739136
3376593495
1497172045
3006015401
82940267
84641823
2844451414
139860744
2353666025
41347910
26810012
2753663002
190534597
281821820
2910225827
851177636
107427840
50708900
816036986997932032
473492283
775110910998294529
1468889568
934170290975858688
2663690312
1323560574
4399819102
1669435974
329217946
1626475891
2847519761
783690162689695745
29913890
162104299
2729434253
887876828756664321
2809461691
3610888948
361842621
3894499407
700805182607773696
832338993635323904
927645849148182534
832352715380490240
780874255
52052587
2786513141
1935833202
623119806
3356000507
54246898
130993384
1151339826
193515332
61083039
346658672
189605798
21606742
73713899
365564793
701258284389507074
60667204
42038121
614634971
2421495771
2603672078
3435687621
4550730917
850785651628933124
415837668
97055136
247860298
813843746
375114365
755524392654868480
800320971634683904
125126950
812130984451854342
282532497
2680998160
824263598847520768
2347838744
4787406089
610477579
43620040
741042472420282368
790216776877481985
127305155
234390465
1430567257
3799161083
112078300
750311414
822514722583052289
2951696141
705741455042727936
100760600
2869171732
79491520
932720685176246273
766644888
244568475
2726927038
97251812
2977688867
2881041713
221190603
2996779787
629812085
22013738
2762544909
25996751
280824039
810873745132912640
47615497
207972128
891603310041497600
885246237657755650
98172480
951056147200569345
83633452
572733977
245909273
36481662
15295016
820969361427070977
3171173343
3323221594
70530969
735877670135828482
954065716168323072
865208244591104000
42685131
753313621942337537
951962288134778880
41901250
859526360464752640
3555652517
14500784
899029247276220425
716429352523735041
433706372
1315377216
1834990302
730215049353150464
3629031915
3158176122
751867299150299138
898599483914760192
385675956
723355513396690944
62067729
235126902
1354588447
848593495497613312
97602940
950138259069337602
50894635
2358536397
457975387
278273603
911424449857155072
728981023
917751362280218624
891126480419344384
63751974
301203995
306374173
69343585
147349751
421422283
3399331859
45389569
387265669
832729637406986240
989783102
27684266
3594942983
535965037
742067616110551040
3411027077
803025288250724352
851115342889930752
304132541
2843858249
716044740760834048
828378317850079233
245435381
210042340
956181846504730625
2891542626
228564766
2198024149
87796538
192466735
1726399765
3292973741
3438554211
817195283847254018
849424136476741632
2942791912
921136703754129413
82014336
171984986
2207903506
3305349736
852897903588900866
3340207035
1000550612
3904297946
263071325
753065387504304128
2565965203
956147293606080512
912113514176708609
1610975822
858741367136288768
168302169
83386542
2275895518
990053851
894581952791138306
918610298344534017
364543687
851996732741361664
864242722080796672
217602632
750363881814560768
882264688259739649
850298996832821248
185306467
320916324
3883921768
2979308951
175577751
33810044
1729392865
2869551238
585776572
921584559380221952
382972614
829850426
2864763437
732325482939748353
324624698
1315182469
917594751079247878
956214967920922626
901841865221267456
2861005863
218667847
735723034347069440
42257513
60881309
112475567
578373486
1311555114
2348959823
2296706466
770807528196276224
331680675
1601836363
3413574527
767765301966626816
754446864058114048
219739064
1218725053
940359484966391808
93482669
4614290308
182461601
921517993309372417
863402065871196161
845830471607078917
87564092
130018415
1005390422
339818725
2975332215
89046832
3342303514
209761441
4186940782
904828108980801536
852529413602385920
3057269241
860340485789020161
61066380
1467721214
918082015668457472
210956524
169274021
2250877278
1377408002
2904230037
345485544
2163671996
210872732
4120381769
2915351872
3319932683
372916807
846776441282973696
1972105572
3106292973
233603029
3016078691
935183345348202496
3969256720
306885784
389691519
172507531
85878737
67732284
81186098
852930721270423552
2750788314
3021789050
1043906096
74234160
83586341
415934191
425919418
28517145
222471926
828672021395550208
3303335915
66781949
2825054724
1391421870
2531574917
2260453474
2501776852
4644104716
950689465730785280
567287640
2741238362
51761051
946129242856873984
259924656
391132914
821825900845105153
159651129
90739439
908124382119292928
4750483413
2865225633
761700759478075392
738190061045481472
418343995
1215777751
480617842
326345787
196317206
947289567769579523
919858088064274432
954828817
158175736
732624878990467072
40452101
1002716880
737926381
711623967208030209
933089131202146307
3239642085
3300790011
234728077
1115739326
122727989
2213124867
491593364
43332835
380050322
2862942920
794013425034792960
310621810
2220399512
4143526607
86504305
1529551249
3409231253
485206467
476915869
269557952
817048720462200832
105369483
2259540260
1216599770
1201811652
68780671
51617536
922262410681028609
808945939545210880
3314549550
119429107
2477362729
36447272
954142687778803713
550217725
438051819
210472524
1316535240
279017037
342412742
215419330
385718189
3343260982
57425387
1603766996
386630773
24972070
69044427
3398703483
898200182235549696
956284562
3982343297
2220049555
231852861
80740743
3377597709
18818881
116276665
767175190879072256
910715480108929025
210177223
91360532
252073278
175812082
139126353
87282129
723925928724803586
254314941
202713165
188567387
205475730
1599013176
923905837642510338
943172828425347072
104361436
878337034061881344
905172718978551809
67961732
2925514058
3512927776
854775045952081921
2539496614
1376102094
3181519545
91869972
309289945
716785912001200128
73678482
44239753
2284378856
3068692035
2490910931
66765528
328618871
883501623703736320
747630908749012993
38174907
435863827
378171700
904771102269952000
227312912
898983849602015235
30486121
4145610435
419766418
182561268
285702623
3824585836
4281208060
928343498
113208604
237325424
779055648877281280
30407985
248274855
2280327106
2627970272
818128832528007168
920108809133219840
1280955486
58064534
49631017
428523688
743257376908775424
801975857489342465
169725807
4190251834
901799445632872448
3227323277
1568657670
902228823391035394
852903936675770373
66205927
1681292484
82341885
43333578
98240715
832337140747005952
2670047111
3044770409
2845982043
931231019906338818
2993431563
344300934
759407947
809555370
1629576702
889533286615220224
804350282180231168
629490778
1216771356
180385151
1518004561
716616035546304512
802166835307302912
57481509
61618152
234084422
370785631
341805961
1646061902
902632205259825166
50901050
179546970
1921575025
3333062115
819951451
247072251
839476117408985088
51906365
523339419
85220005
1544695962
764619390172135424
171134383
737085823473061888
39819524
59277912
2438939200
777986186367369216
714552942574088193
904517939952570369
3845413095
2324633856
948052062163689472
211318865
2924156932
89961181
511137783
930738753710313472
1378564723
333730389
187360620
193741350
2546772102
2738187983
950703880869990401
585855020
752169137934364672
64747926
299262758
287662971
884859274442178564
540189557
3353088412
3448617916
234422068
2981447386
2803334693
954136760153509889
61780767
482023449
52245929
325609143
128311146
2784479297
142833359
3123266058
884814060356857857
52387489
909277266756161536
40132485
82633116
883719675288399872
156486859
346510124
2892873053
294293529
756877005388472321
772274961675350016
195195253
2453812292
774396214712434688
842729595849916417
43597075
844722307
47326915
875176184287461378
2658259637
249717983
414813596
3394479279
2962325092
261299361
780532176311820288
57813371
267387398
3049250873
297590392
709563415
3902836323
3339427133
70002336
215256952
560665296
54393638
248874532
227720175
553586245
139882490
953697769688051714
811578536964358146
711454465681924096
170062382
1489313863
878470743033556993
304605143
26149150
1526212944
885954626465476608
192645316
934529216657461248
4903317346
3189064036
4019216549
432674610
2253475578
554876136
719137775
1976894497
397006154
56041916
4429470855
2926352933
2341005643
325207332
4641836656
2707744554
851697290280669184
2712692609
419078814
922615479100944385
620650049
203361939
296275804
2939965486
609637714
4144864757
74282458
188929983
892386630996299780
188141603
932763788746612736
442782179
170694477
62518419
2977607944
814292613188685825
338644677
876213487353180160
228577853
2937257147
810918672139161600
165628647
727148654570643456
312821326
14068826
3127687596
1465692656
1017589231
878830381474226176
911653387351060481
38872563
2741931201
38573244
839873054473867265
2883429005
721280798326972417
794216734039441408
2954041171
329170114
2613782228
787440045477199872
787817726
3225105701
28685589
2752226806
41728708
372604988
2212587631
4070887702
43476953
2502549826
200332715
855917122412740609
