711415919529074688
779175705502486528
483760755
1271133379
3017894621
4075120635
439228975
3331827279
4832838431
134154752
2303434964
2176906651
354484844
570215525
1676307187
768308646400983040
4390021702
2692148633
3313677131
2233373838
3436057637
2300861506
4808367149
3043466909
786344792611487744
4241915717
858115599137984517
909194247806517248
414296493
878099869088583680
2180259716
205353871
830865499999318017
848725767831912449
626832092
68891875
3383358437
4836482591
796126488194072576
837384439000870913
328826492
2188979021
2858973110
4108998621
899983146
845938107988033536
4746558130
33264597
2724655497
756292133166977028
422342829
2290333063
404842457
2873180638
2535888716
372420000
134930141
829848108783792130
788162172442542084
2257897848
2965155598
733423689241235456
3293196322
733499674141851648
766021391032455168
752913655696687107
366763625
4343523257
1115454024
214940576
3035584828
4471832363
195555745
3291824398
705804318960697345
223139140
115123406
91409657
751922209669742592
848919748708626432
302224017
146024656
1296642955
719935016487227393
1008830438
1229913848
2187876094
35100795
2332084555
715942838056448000
726444867887439873
84925552
2627790770
175222015
2174819695
105613439
717422787317657600
758716194627153920
930113978197561344
3128086726
55971182
351185660
755215103407030272
3819187851
3353163761
934159929367302151
2312782842
4189138097
120846865
2965111534
573169656
727303352988536832
3349061019
319354424
802620614066446337
552205785
2872930097
2994779237
2904664954
876853521857081345
2878933623
4001320221
386226974
794173210841509889
4693615513
2269923359
108746070
136426201
912017979855994881
792508543
41842314
2640886282
1175430350
4290997456
2407715149
906383750
926887258422173696
758331667237003269
27733043
42208212
2800304302
2239901693
616284687
2445994788
4826154489
713476235821785089
1658461020
907028776718094336
2505604699
1114754246
1634213929
750743130333409281
2327068811
230921787
1499388308
2240913246
152025059
106458441
2945001555
2510631627
776422612599701504
3523003701
42988609
414154783
886462594340573184
2288450699
843574264116760576
430765726
2474547637
2942274337
617217231
935589408
351940285
354668822
809237299481497601
838812159299682309
899233715133526016
3078475040
517780429
3328518911
60770351
472878908
3029007879
3093621069
91717029
872153929647304704
436203700
2951805909
591205803
755157630973317121
765011992822317056
1681465585
902302621372907521
4277474207
1460299062
835636090119864320
793268036820144130
2720988999
132630226
517870959
3912828975
2848710040
181374902
857401345489457152
2896718987
476189988
4205241833
37296634
2677631224
798518795602132992
751581865535016960
780444575278268417
2234956021
1382401057
732326427035602944
437604088
2645681741
423680192
714407177
33008280
3006088264
722945113379332096
888841143668150273
779457457533882368
934608023179464706
4494754935
4559661015
1060063992
1628834616
933073672356683776
3342226780
395452121
2771874101
1938503893
746468604007297024
44009797
1547024647
3000625246
742322871515664384
748527596250537984
175084143
823943032206725120
3008307082
2869935395
930124847123980288
886723405290057729
931825807001096192
815970466561163264
752549946352627712
234914420
3097369509
2497660949
2981773799
3015377543
752642727574065152
3339528399
2886438629
476847830
2888388413
97453297
174481899
887495663742857222
70319723
2719452369
51346194
72629796
832594466271850496
2979893416
1967495269
241189665
277488494
73787620
958675597
236143101
4684510033
2843095995
482227973
367135516
1705798760
726842338664943616
163609516
830006876653944832
4093778794
782306308238213124
2485583221
883406557232463874
2173508543
2751248073
386054374
588050028
84588670
410049200
287949883
862590881962053635
2319714948
886019958425124864
1876674516
3196271969
772215623443177473
2883256613
2494673215
3516964635
3125304821
2334531010
4692912632
1906095205
3391236807
63788703
749280443980210176
794277194
163145198
249904962
3351866104
112509462
1526031685
1048546982
177381222
565855545
2975868802
4770845127
494387015
847236189081882625
2628027153
4572151450
784159022282838016
53800672
2655046896
1252983426
916055891132190721
976293014
59489095
2348662609
335670998
745088078633648128
157497612
317155710
2316044190
291818882
169968944
798641273162887168
3527120237
3342227981
3120472158
562411579
1158365755
815166821833838593
2726198825
2903085063
774910284
579118365
928390177365680129
1151388890
934754199778275328
787628169553674240
897118377180884993
2430560366
449436180
3067070596
509447156
306195575
811155890787274752
1157371525
122111781
3053284076
2820456586
1697378904
832254393730875392
261946420
63204353
738143757460070400
3304829123
798910946559279104
2752748242
509196453
1640688217
3885111027
1499816197
2429549876
795850841970380801
1037644152
819298656964771840
760952630722039810
1892474046
758170788
4269427456
571116996
1580753730
913887555891888129
170003833
3199390161
819454434
331665924
4625418382
3376244577
191964468
424571316
307407586
220781677
800908193031421952
2657335105
3400570403
3085615519
95065382
801512588647530498
726532784190279680
854061977706139648
722922508136116224
518826601
924055400672124929
3129586505
840262574054744067
206383020
2299819540
1452856182
867455845315080192
335399294
1917992034
913538482932523009
2828768662
932956870008082433
756625394049118208
3132987366
2316371894
2951553111
128992281
376926711
326968994
2220515264
910422524
194742894
54565216
1846152384
4644308369
725869857397444608
448902475
838521770802032640
722896011056717825
922174257383264256
429432165
714549776646279168
2764927942
2188950709
886402062690504704
1382945863
562437968
3095619789
1122508399
765930982532931584
883132046754926592
247321213
1267896960
813399722996154368
3866937466
302351096
559534810
2904169666
2654319237
3417815601
917625180
791314089020653569
744585193789456384
536508193
3361385122
234784125
406386617
383170555
1395308166
828645175140446208
2492587649
294745985
1546370790
326309809
2834788870
3426528688
4453940151
802562834
3369234759
732247599303004160
3065845755
1006769604
453331799
933431343530364933
240077856
2467020666
987391668
743122832129970180
756921159250223108
541661543
914177518495830016
977132990
796118530722775041
1255442688
197206647
2800273941
720644130091724800
475153318
855383448
854094730191409153
749598413663113216
781325194614964224
866396353483739136
510239179
1037464045
475489800
211049540
916837006201802752
712067609148190720
4754546601
2683215600
1005448927
702096466811219971
318739967
871835537665118208
733282057355419648
4810560737
2737970913
1317208586
395211917
91993315
1720642933
1436812441
2473013328
4134259762
2868214356
2633303825
724856514
785541202561081344
801271722259451904
3301444985
878376820655214593
2903964563
838894209058865156
214633527
3406641322
565891167
2551136052
738042698112872452
2387947556
308192214
4720238415
2896792457
141231360
222815590
68479841
853385483119931396
957391704
2783967761
3633086421
1206408025
1387557229
848042379617730560
585337930
207582853
2276579712
195973117
2980680341
919610687277682688
1393666200
725155600993234944
3003765052
3031704073
4854891874
2442501370
3344857241
175820008
51489815
306850809
218906896
747483020186226688
1965689004
122372045
3370015857
4116059860
373756854
3122507818
2635046788
4547662941
2384420154
3125112598
734492816093683712
2205250614
174527522
3310918527
4707134243
4258904241
3407880627
72675869
58543958
580343767
313232669
787121649158123520
3432267815
806655728454955009
787749886192152577
2249245960
703257721911549952
3438684370
14578408
308754360
90208442
153702672
2648861107
2844415760
486105070
2326328132
2590401354
4855150671
3019044058
3021595131
1658709426
806971278091546628
984849217
145001329
70824535
338520168
3004291805
3289224417
2172729011
3408656482
111682464
624237891
4806836596
102518898
917152293056806913
805520161738473472
1027308823
156044116
1245907052
890677235253989379
2227263017
780484429064069121
290829901
903723179641892864
69799792
1125009906
4065112575
3983770455
4896346131
3864293722
2471768226
724120177600770053
122985770
3087141970
243730317
781979343710978049
754519225167810561
298055231
595856734
124241468
3409426504
2371691241
333730467
65987953
1122733968
838911945843572737
47837777
767106958319116288
885339235196252162
3243420087
2271051826
864177025115971584
450609865
125163160
776519118208045056
3010539297
53042895
2743698346
313702807
2751974655
623256922
912889430746296325
635886258
3296554567
737154470
2831652303
920135443
3379799319
924731138437984256
725509895601197059
758031281443799040
1664018100
319280971
4864278053
615139608
1465707782
890357189830955009
2504713061
819740823130664960
2464969477
2439281791
803431018254532609
3071085801
806129386671996928
749313506349084672
863606810
1417033651
783070369045512192
1616838511
1626115735
2806637869
3338092965
1495631868
4496464653
2392554862
2902404784
2308714730
3428855146
2321201893
3332048596
826398896444305409
129906042
4048043385
4816980142
3206709029
3004361740
625104737
2849059269
920471511336669184
4921366263
718822864787480576
140301582
1001677039
2376671352
1726356372
311705774
2561019834
3363393915
821599775325818881
165455891
1660477016
2868252473
794969012
2991840147
2422531074
3857492902
1081334328
476281245
2314104872
801489836
608494067
4646332474
813140055539773440
95276849
832502415190540289
152082118
713566192099856386
875566830797987840
370870888
852558820157116417
4137479308
2249324774
765584840586563585
2584580435
878414062614454273
2470311061
2265914863
353664892
932680081683730433
3352429829
2309906162
704012103640809474
2381065250
2873687336
3363472083
4387044676
1026104886
1872559154
741790327590277124
325669795
379817365
1960899930
882955406359887872
1216205844
176951781
887104659080577024
1452361668
319951473
760655469409144832
195122328
814941854668115969
2486249024
1152395263
819891274186625024
2161570447
706224308029411328
3245076459
3437375439
806755208
847914239608193024
343646677
2654951197
807201863007436804
394848426
880744374
832163037742301185
887713519940096000
3336058107
221891088
62370756
1641679314
2284656437
791357698319257600
298337938
801274880
817206277
1558683102
1445114533
1635895454
3003363107
129583086
924406148
3304243967
904132247632191488
454393786
4549678761
2886235229
839979595906592768
874426621465374723
144362419
4571461877
702137557086240769
626514674
959762120
824676738810675201
785890139323133952
2224386625
1594820887
2737852655
920163810459160576
2876970677
591287962
3293674760
2377525090
2485076722
812107519007002624
3997627397
183394331
1918161847
862777827174862848
63668757
752666083904086016
301070106
3219023056
2883270039
389790641
780371988
24958932
2848678163
635788683
573044330
1592323494
3975689128
1069392037
3245680936
568562642
739058105732988928
865935756145065985
456862934
122490033
2479260095
163050229
403033030
3148306606
611295841
281253464
721784726869123072
882975579607379970
4699144028
924738250538913792
934534419918086144
2896429203
2201962357
2881685991
849024590718402561
3234301195
735986089907867648
93784420
704316567669116933
72152389
2442370303
1342838233
3789661037
3432960561
1468939435
753614357330886656
149176606
2289992652
2535663518
866345191950692359
69712648
620570496
16338785
837450739614171139
3178310117
877272854684987392
933467298085638145
794027289231106048
299819685
132021066
3292310063
751116995756777476
52156574
94335790
306005658
2964216915
2712805807
735987104979812352
454118509
2682027045
2546274363
1604354611
1284033006
738420477186715649
4202655867
795770112511004672
2475328869
748512303277047812
3135254439
1315277774
2374453578
710682728962899968
1604596652
331666580
3669259222
168335213
769629696287997953
256096145
707714985
3075641974
901795451631960064
358359946
2282173772
2325855680
4858420636
794290134
728684981791428609
302313187
398247154
890962075215962112
3356631994
1928406126
3062431191
774954748441231360
173979120
1289886457
276937036
709303143453085696
896186891367743489
342277883
4789011741
2823289101
714425588
4130462981
3078705716
63382450
521473310
2534918548
767185681647009792
183501699
280271029
504703180
2202043813
2822653076
2610279216
748504341053571072
34908133
111910093
2634397515
859186591637622785
927959809
1375941661
823549790
731971577877794816
914598288
1655841637
371865975
567518919
880503610546802689
2853617441
4252879276
3502114337
205693147
715033691
99972913
526976304
1642120099
754208184026427392
876522555397603330
805458221729247232
384580137
820389607539884032
522611049
897491918908788737
910661915654987776
2685965694
1257050827
1180166906
631545577
2942193664
394095080
879503072292212736
706436141113864192
2808380966
711779125
919681873646964736
768411174383783936
1475674562
2511407244
2434945558
2552560017
2868288386
1219661785
533304108
2973472558
308164299
4845718366
3026492666
535326545
3383488685
912318265581559809
788764345459236864
588501223
295745034
920182370506067968
263863832
880414183250165760
820614571417370624
2294442639
750449536666071040
12891352
104563767
775709381233172480
933504110137151488
3122582856
3264748685
4663851316
3449613561
2239902582
970405334
126289419
2833261887
851057997426159616
232937187
3296188720
721396074674589697
2922114922
910985596704890880
321657010
935163319287197696
405005904
782541182
733434998347431936
195814218
774010722
771412829551337472
815961833412685828
127702886
886400670642909184
565725897
3315134668
3130105667
1963175582
728593381664948226
333756126
2366491345
61311824
758443565768900608
3312723105
220435378
2308899766
607705291
3135056361
700717963138220032
4864119495
875777567789375490
126131456
2789139555
715567493197217792
985665392
3119584803
868944025973399552
616803365
154281851
923672852
3010522228
328638653
247303409
762039605537415168
2438919542
507731283
166328091
800773820390903810
2447866910
858511126329536517
914873286
2148113670
753417193765871616
700641398756761600
335523814
923730056492527616
392043419
4664880382
3290670962
4279773375
391527312
276599981
556269405
2393477166
2658379586
826120754391609344
2690557339
97450127
2921360878
726912818
3396444201
588546039
251771295
2234623489
60825984
740251541727236097
259824581
256588497
831659226179182592
814634002141286400
3984278415
734564826161238016
704649577501237249
759077953372295168
714240642021515265
378319634
3930295455
162894226
3064567559
1694879515
711649014
3610685909
868611223323123713
4180493699
175259443
178491318
3463818317
741373380444729348
745661340195356673
767025022628159488
1519997239
3146149221
1347524563
70137716
324203634
538537989
2875869589
2342117084
845847849929723904
2750618680
846170503756894208
2990513554
1947651240
526947669
823312068698927104
105794253
1406528539
3856384937
460232528
1466214240
466598235
3982340782
480573447
283727929
818786386660773888
318508614
337354345
2915079549
366309373
259444576
1621312562
4091422299
857346728
2460314960
4874903140
4908864249
1615839032
4843662808
770428055173095424
2932136512
933714580634832897
776047094591348736
333055478
171363024
120842219
170563328
3826799957
89574273
1702930152
479780704
2978733862
970323205
397635259
173277464
2781100110
389297575
1959539318
804656572555268096
843158326502440962
337351862
4085379257
801582900693127168
1635458624
895325938673737732
3105793533
4879965603
711397439761162241
102171660
1533987397
1365033522
116024214
3962619693
4765800616
1402417729
544735795
753572615491620864
3008567932
2904170321
217126898
902025863478300673
2268577733
735098612
780721124711596032
834059209578790913
1871793230
167459348
925916649831718913
93722695
796124553739173892
4166071636
378323010
101339470
323569914
4135747727
923171185562669056
1671512274
747391038730428416
197890650
4322057261
636949169
4099199475
2537206691
847187244016381952
873037597
340268976
723526550403092480
894008308339798019
168784399
2388588905
4921395021
23123766
2861612277
371377133
2172463214
1034757140
888015338
173972236
3547050496
30093231
1017626604
2987588248
472100387
809712596106571776
2783066574
3387334145
920353577968816128
251694811
480516128
899110349185667073
171960623
3116532387
134536731
2866251049
4605353717
293090834
749691145442254849
709660232
235239223
73958615
809556028509528065
4838686403
176979779
3196507540
1321518782
76201155
734923574
513883500
858721928420503558
917456477962620933
2457017370
92777294
2683797303
2853855796
432032542
120917691
798702751299633152
32412334
756604221852614656
1911531978
3407463820
1699889329
540278953
1021023650
763053977730682880
230452314
3910809215
748672658322108417
623182733
901605440601153536
2369194622
433644306
381866522
807453372
868444537894699008
1635959406
1626581556
805077822624698368
404449814
759893085899808769
2584203433
4331580447
1177443643
566024569
925513356546641920
285063684
226365948
1151733386
3404950203
238678092
2480367727
2647112500
816690715
761332300244193280
728738724264202244
2400642163
1456978866
226058920
3326881863
792905609096077316
254652267
877839015315197952
144930741
188330197
635398468
247847480
3669286216
2369136652
716030760709435392
273190166
856169116192972802
3588557421
569252198
3051366440
4899885315
805557896314552320
233733126
737819934315663361
826179855435841536
287457541
3291658784
2969236108
805889092949049345
323264964
874217822196568065
158372497
3026629404
789833147513004033
52912420
743159026364612608
3385955823
2845897628
907557310800826369
3046920898
1959096661
4130335138
1499319744
1554192882
3135433013
740729288719241216
4461518212
709568393473609728
385414511
3006079120
816361913311514628
2151831885
3877802655
869579530087825408
914455110
751479579315953664
743218596994813952
2332932268
2980151369
1203067219
1385784032
741756087196614656
853398856423411712
3174796516
3355080275
2991117118
2266647750
261843006
3659637261
596595496
2828902893
711649178137583616
360220508
297729472
1123505971
4923486089
3880884267
814636479980994564
798595933806166020
3326640821
3431999091
881375407727144961
363996309
927207352474001409
79264389
2267606509
828980208992673793
763598360720842752
809886842665496576
822101460
784421304573329408
50768272
822545767487459329
1584276938
85417860
2332106608
3378198155
621426943
875908230874107905
761284566476873729
725094999570939904
856928887191764997
383395693
743629440735903744
1546952630
2847478179
2598729705
1645736942
1027117255
359627045
747257746131656704
982901287
2889051469
462349711
803316810
799276918126350336
921187322351292417
844646895523901440
834819817102262274
4431295461
282789875
810818952947503108
2746783956
733343512926818304
3003860033
800323696896262145
50074978
840966500609609728
3430812682
901859191752675329
2536367916
756637639969738752
2853238599
777574580164628480
2186110215
926766669384560640
790741064621690880
127096569
4840553692
185850792
262135669
231508784
899030367335829505
4461428235
812471307979866112
1555447532
4853609122
2551872401
172161382
16908215
822834204580999171
2737739386
2888285644
995862156
2324951021
721481948670083072
71957749
763457217483968512
1616571242
2968203808
491494155
3421656963
394399803
769526390890856449
709863523556450304
467875902
2415578992
851741132
542024051
3880299034
2538199491
3398975817
3133675051
1352767315
706911490960465920
4890547600
890587809958031362
3259393805
860245131710144513
1271134268
888457180948705281
854446136806998016
4151124335
891711236953473024
115429315
717385090318409728
400688077
4079305505
4066436716
1046772548
54354518
262848340
774381193643036673
4660479454
918179531558653952
1947873211
419732779
466668724
2631644859
987252794
485119521
3292491790
861786145205760000
721496638
776915950113267712
2848995946
4028349621
916796454013988864
2782964701
458865339
887763538298769408
2462349318
1666074265
702229652
221537736
1057718696
796812108
1222624806
2167274077
3083108116
850741826017427457
822978398687494149
67090667
807734454
2746968719
2442813373
4332612917
137256365
2960924872
2549937095
4794150622
888163658584530944
117584253
258285675
193412384
346728935
257651482
733745834467135493
3364443909
4042596803
881964733041168385
2720246635
815499954785546240
293250848
2389790164
193489871
823348734566289413
792716937541324800
746566453952909313
2795836798
1549114748
3153507261
2885731637
2727720766
1030623170
4833272776
537877656
54047325
727245679115030532
343551529
2398662727
773570664573919232
293800686
2942562821
148585832
4377366994
739691515
1259919414
743225937077092352
4237509861
2335837420
2738597135
800887557957500932
760642824979222529
764177524184195072
3171246937
845729198220152833
29809573
1347981253
2594992543
1476031530
3129354073
780086283951546369
113231702
4858294786
1680699756
884218493868093442
1025592648
3342275619
3311286274
4822850619
618190781
1855561890
196867193
755556979561693184
3428900842
2930703459
1348251931
1660374114
4869484912
29296762
927224802762424327
933811762197131264
34541780
1445068038
804443414372589572
128685083
3295957805
320228547
2190503132
4807813241
717114718964547584
3665548228
420571838
2584743391
891385175887814656
362291016
2977350569
123314785
2577978463
883666106350792704
883342743673724932
816027735004971008
590519631
752639775975182336
861034560007655424
730833296532381701
1699697982
1262049294
610358538
2939714398
3220221909
236152432
633921007
282232948
917204889792667653
2476032065
2236861724
504965114
4086185716
383989928
457003830
800775405124714496
714166447702949888
2214706620
752630256444538880
868922925025513472
2588511036
2724794446
824091211
1553123054
796438430
1604153534
868951477859090432
219296729
1374987666
3289344911
1688570274
518548979
3592851617
2571601058
1020777962
3302049395
395680339
327181073
137004009
2557928919
1589622463
2756653269
1314690632
349917262
1225937370
859095530
877628299995906048
3018979703
499876120
2336885651
464940163
231143950
3439285079
485942137
918475804186685440
3127345547
854768849853583362
588569643
894068030740758528
1852278674
564322941
54741995
1942552669
1146398084
2924376247
732744119563476993
375223801
1007336238
603826927
583259383
66388835
3232362825
755528224503951361
764067035307532288
338476531
4517579715
261220225
818536610581147648
620623465
848948695798353920
870678771048759296
340960886
1323420649
3288811222
812339875722788868
1623216180
1668144026
3357996809
832742148009242624
212021168
209257309
324141617
783082242239258624
2281317967
4583158515
451499408
4832874279
729697254391595012
328674672
129630021
3430852078
819677873191563265
569515220
918961259441283072
766617999486939136
2217743794
747714632
623446253
1723059469
919079811347337217
325645453
4113429795
894009326834257921
1623950888
264525630
912663456
56113518
1380190453
311127298
569201168
279174367
3513674896
713170974057897985
3243820408
173259830
332435119
547002194
2867411025
906624057583587330
1711795069
2327346380
783390349
3018975472
3023290527
411005422
854557806
814238645402140672
122361976
816854548891496448
2389283760
882266454124621831
430068264
783104723847176192
3309983835
798331113580232704
4769332343
1961320867
2862867203
4178187833
3254919195
306945666
2455605715
4822663919
46998320
142380210
740002369962975232
890767432889094145
4847667425
4769484255
37483712
1232023207
588506694
877313404033171457
2725963187
2414928390
3765008717
254170974
759429071088521218
2710977388
1092006458
816025100424282113
736027500900405248
102214365
296044994
3402905127
2178573077
3409607278
1028360545
123130885
397016355
1328058410
810543831120773120
887775864
91683186
248747648
890345983476891649
735837891465781248
122218959
2877358215
4851634145
59888178
407028046
2559894608
35218041
737053060137164800
2826615250
902569094611906560
435992915
3356863294
292623709
1337678461
4771085416
1060998973
4730263055
2547005510
3077685169
4890146681
793489616292745216
705181945181900800
178953406
1380066757
3578547195
4160419516
362627058
553651010
2460097673
1370143357
459710157
1633338079
844007382715944960
178822400
2834100873
407261732
165451135
391485404
705280075047038977
752222741135261696
884593751758446594
2856248254
3422399147
1104704515
3426899938
833527159356522501
1357384717
753074784280477699
176998060
737353309443489792
2682947790
343811926
2233526137
66201341
588436964
389495786
221057408
3000183090
4082994754
236999774
1403884940
700470704139927552
2157651752
791011941149990912
1689499849
73499343
3387908639
59433729
884146730882781184
378962607
756171973399576577
344741035
415049955
950158298
333090293
2439089264
416578777
1368762475
3023578996
889532300421148672
2338320576
313621679
856888326
568670329
4887882438
758773289552666629
3178188597
735178286775472128
2355539474
613741669
3405857367
2642092833
764631534070534148
2946517293
2285692681
922304450752106496
392307577
721787974585880577
71419289
857321222530629632
809390310333808641
2389200992
910158517797081088
250334806
292588291
552711502
4905283162
861706469762375680
187756692
350571211
120516716
1510975459
472516556
4486649476
816678304484888576
780518665380855808
3732206961
573804055
4461030885
50182405
3001614490
2334192866
320346673
1312215668
2698880419
350358106
820679134737264641
622334048
807251892149559300
4810187200
143603130
840607577784385536
932791490627231745
197487377
2241356816
628904957
210129457
1296328549
1885429693
2992507041
3367142800
2796749529
3374355580
186579350
903788334719361024
2211287187
1949299555
2906678093
402324489
2969532400
408863775
3432210183
2769951394
2463894756
78134344
1639503505
1924259952
46660478
822271658417332224
4849886775
2598337142
1691789624
719280168418820096
3152241490
243844169
2515179860
619629804
802913100735414276
61071099
25380962
2993375997
932476011404517376
183775624
1368461384
414998778
411726250
372554579
69493863
201115834
155538302
714881171004502018
2382629136
1058401848
768904562887581697
707973557725360129
173880798
842107028
874572376377356289
20549125
728958566565023744
2438458865
792789728403881984
2673274402
905106376527097857
3273281670
3430848400
1143789121
401814156
785572620737519617
715530290127577089
4879105745
162132824
3409274159
79853458
3382333107
951870092
755354456552636417
887715735753166848
316621833
921106616967147521
1089627619
3093855825
830151984653164545
4542655395
875161283083071488
1528216382
2761538441
315425794
2288757260
711693169327476736
4866651549
2655563039
1546189556
828968587863916544
3337510917
2286181666
934048915493654528
154920377
560638005
2772688911
282202548
1586665950
124333225
1449853836
442936122
134918709
77580067
223536762
162166618
44972488
634123282
1708263402
764329694573502464
3355926297
329827020
4420663703
3317648501
355679558
80171168
2776843742
774218262297059328
17855110
750509250368143360
520408352
335578253
264521598
2508861930
1129783490
216397019
703589868941799424
764472619718631424
3124258150
759904185022189568
2994701381
2502425971
3233839808
2824018085
3382585625
4895141967
845444672491270144
3958872203
844731275692969984
3080107407
707355374471528448
710943921266925568
2389740762
1539534780
869549616097894400
319071875
352534393
634557611
751229393184366592
4047582635
196891680
2190506937
927157977823498241
816309445
373128071
1542193568
781994110651695104
2212520864
1000020763
798571634
714955400660041729
83175035
558957123
626208990
1651672987
1350582973
46440369
146911625
4889813848
1628264311
578591964
886710064056328193
144527467
92018506
4720864576
1416865344
56178229
749771224201519104
170436647
4637904149
891478932238848000
3317573692
801886448203005952
881974755087327232
162090856
207259157
888567832958697473
889025729312280576
760896776715005952
818853709987934208
750104378560880640
3130226513
3301869578
402932558
3337796289
756893565175861248
1422525344
2996027795
735603076040667136
3066659548
1311059922
3988038701
4519994668
730474347748597760
2790580543
308149319
555549518
1101057709
762427297014001664
4076204896
2187020730
44907583
4572060743
204909316
2779919956
817126814388785152
2466133712
735933902192267265
840150354
714236020292730880
754524017441247232
753617715424788480
3359169533
545444202
1612948172
2329371744
879369624260927488
922762954860265473
2250863191
1694756874
605013759
743151299970146304
820698001756844032
626910267
3068715478
2317289431
807224807993602049
1631838080
65986460
2972414733
2430967183
146287372
810815833081597952
327477333
806285917967228928
480477375
594968072
196861734
2603724576
3630184512
760178535923351552
729421160
14904591
1276178335
4363910427
817030727988604928
911722132660514816
3171887848
890638049431912448
322231516
3005744392
617428996
498117037
89288202
499867492
3044715213
1639072184
4851240423
2168817308
485755263
68437014
48543378
922715028486283265
3381228299
43188407
823984147765063680
265641296
56549015
153082472
2342770524
2308426123
782648529835536384
824345606915235840
26069942
756304901332934656
1503704160
2193488102
838553617166708736
2788069619
2225649072
2873198477
2371979166
107254930
999503425
178437565
778785069523734528
1061821430
2581223168
342366627
3526065855
558994933
119570776
1918353127
38676123
1648509883
793913598254907392
61103189
859469083678564352
52817123
911390613584711681
4785885101
775568296292777985
2456839674
843186423889104898
3342084820
3357754510
178099166
2335641926
878302592476094464
820476449056497664
120591016
42101981
542754938
1604912419
96015840
750812135417085953
4497730037
22539935
307034811
470760180
1944508022
1249724946
926126304071733248
720095665171390464
478027709
818272958
520920409
2830605737
3377435872
80156246
859455034853031938
3100715651
4867548280
258900872
2804099628
3857246596
844294239311794176
2407818745
406318085
4238697802
242495326
887119537648390144
140956376
749258904
849052984701054976
862031860410535936
1248801577
2276690840
3630180972
2314246488
539999129
58606953
106192539
1571192544
778239702944088064
321190923
45468024
623220834
100346757
2279597483
923591035
72884507
3178379265
2661972610
2582622553
755495905
2536611703
3056590908
245466216
2967230375
2530221648
893456921231065088
611241954
4047808413
379397464
780560814067503104
1280861054
2948341929
99329842
2370096735
764189708830343168
2838041547
1581403608
2866155369
1095340950
230513387
247081433
3290354599
1544581321
2269555050
4727929942
135663863
2861440322
3161190321
60490010
792088406893395969
3242797240
406618542
912054119246057472
2833576557
405733621
3304121055
3975332061
2345789677
770602673343197184
605890596
2764429433
1676876898
3962126957
2151787069
2285414340
2701186887
1413756006
119049031
533929823
2222189999
77558104
1297308192
346912802
2831188577
839494358743330818
840028709629362176
883430430392954882
2408213373
2743378089
848618983754477568
761025758902882305
3933751403
762837576189288450
529387759
794930275042074628
3366907731
3895610355
703702090590371840
879275530973057025
215331066
302171456
2437146576
183056867
3214826517
30302869
58281487
316471845
772393578991607808
2257078597
544767714
2353647640
123103785
852545281698693121
20290245
590028322
821920435919089664
584005522
4584673342
870788559367745536
2973567220
817610296852443137
77051142
601266652
2289929568
262362423
2216027955
175957426
2281029236
853567326
890953375776464896
2742077592
569531735
215810444
865385155434872833
920059794052079617
4302027202
446400886
66831264
223963353
492151198
899677948709621762
843187987966058496
2302120914
753666625061216256
4861131369
2906545930
126459796
3149897429
154325791
821823056112943104
939459055
613591655
4719391102
850785785930502144
715311887454445569
813891318346870786
901665804332277760
2882127239
880676378
324998380
110268911
911782917885562880
124277950
1404046626
824024418879934465
298670213
3399269781
831216844858126340
2680769414
3426832415
3230768182
535842311
2652253627
1928281980
713777347950878721
389780613
2474282598
329071586
210456168
198988919
422752624
33745564
3901030745
109117064
814078747
888522669502738432
288540751
1129823180
110760754
57660105
1636784047
762478914363011073
927243971167997952
4195749058
1031868974
360779804
477222752
476337585
319099914
822649740856856576
2867713719
266846616
3124281157
1855916966
885327411432259585
4020466996
201730835
3018888477
3140704427
1321048272
2262248732
2611520189
1537809247
109718094
2554499704
4711269573
703725482022404096
245547065
2342215384
855646148
2698105675
984789175
3404585081
159579701
1349823498
3981258171
3433247205
69039445
805646055836680192
2326087969
386540585
712416587081519104
2529588609
266779128
68584081
49216519
176852238
887733123978604550
358976853
3006225862
3359871340
771086923842609153
384440579
848642539
391685459
832661149363556352
3044038728
272697995
886618956001406976
2575992121
4153152023
813537919055130624
3325742345
1624291129
4864681299
1154562764
374168774
4020939083
2418557384
3387389813
1439063928
729022790364495874
425416128
2416625844
314232144
25446272
2784338135
2774659739
765017721272754176
2859633046
713743016402554881
877875425162256384
771006338579173377
2575695047
730124672856166400
986783828
853211984577388545
3086491952
833527690523246592
147446521
800488970920439808
436328319
3051966975
80421806
289721638
189307049
1537195340
3495626241
521610409
859781013077192704
2687128157
3605213896
301100130
2830630974
806644163622092804
709613245850640385
128934485
478903371
189593513
2322638802
238584227
2555384227
1539517332
334397986
77854622
1066371373
1912567855
3121958192
3613864937
122989378
796871844322217984
452307486
917297823862968320
152714984
125368717
514434508
3808481247
2900995445
1856516749
786395260721049600
1349473742
1390421754
4892607515
55300526
88304304
402334168
1686551605
941828634
2479072911
4393419136
1920633307
376534505
275916913
314803829
710462047482474496
720151201
272567572
385152451
3394674243
1143640386
259378005
2167457526
1370558233
3146003189
150816180
48854353
783279959280418816
139475026
762864009385119745
718742942161235969
150046755
58073785
3884108489
245492164
838431240
567544884
253293469
901102098439446529
2250819110
2911963313
789901590278922240
2931933681
4909808469
873715704897445888
721100074
377506167
487657673
4875129449
3354223635
825918066865352708
2772926531
1589924610
362159652
906956982
705063706510675968
408742285
2469424884
3690429137
735606985605931008
835705964
203312760
2163461615
3040457683
1623479372
230898290
233007805
925082644085342209
111131914
3439146886
905410493342523392
781150507435978752
2612379940
515957860
732056172
878081776371081218
3174405334
695433096674435072
926433622084767744
3102288664
807701152951390208
894873568223297536
2917564569
3481540163
3007854119
1833002498
2752434070
889203797028982784
2485583282
723660678167445504
1605196406
1465688330
2713324915
3393010210
788934676861816832
851998629124608002
812104174901067780
797304822605168640
780826920
3431870103
2329317707
768454344882675716
3002531625
763460395415855104
125057739
220836523
822113612085022721
2469650832
2698747501
740389668240392192
516859525
1216831309
4691009558
3100512399
823705132638597120
2914766855
870811951617761280
4318549653
927694194537267200
1051294579
354617615
228701590
2291243558
925880679413506048
4905622761
885547633225367552
750805943567417344
335036116
881308398507229184
439735279
536778935
2513394336
2196018453
4153964674
921112238269878273
4108791615
2211408620
3264663965
93475160
80306028
822636010601381888
2979798285
906008098988425216
1621778336
1325679348
3337098395
2395001541
80187373
710637329598308353
116574966
593243068
3625149321
177624686
1378346888
609614825
976336141
479481288
3033453224
77377424
891095371451179008
4876581017
886355483749208064
1397912820
1401254994
2225852725
2546005949
1115347082
3174763631
2366593316
2589893818
783711911456145408
3171768531
3053501723
2828004045
2531159412
243173367
400444414
4389409114
2454044297
863534366269607936
3655365323
2711710347
921426417488887808
74888988
392346795
2719585376
569607005
2860537031
794984386567487488
937848344
838454528844378114
2153203980
840702223491428356
1508017002
747986598059479040
75946255
368467649
792850344753631233
2208191086
932626461785239552
2278430670
1944449562
1925253840
490571293
3127089797
3383316479
272086960
3048520259
704499105838538752
189121105
65380812
355704581
46934709
85139132
162544506
753357289483034624
1942224511
711647857716101120
44248536
427617225
879136807669157888
810256273883152389
901219406021308416
430562088
4853883442
2335252116
367938766
2192466535
2518506734
4872794289
729381188817784832
1716779246
398991220
3346924311
49158895
631577596
4344748395
765726310203330568
4553583501
748993893593743360
77557477
1599810740
880111017421938688
306983384
914954319979597826
1717341848
439212648
60060040
2545531755
3135448735
1431064610
807408290711879680
4086967936
910672061034573826
467785065
290783165
773615064
3998432667
501124523
53203402
1931969418
362034138
413070847
1366956517
914476799748448256
173278659
3987184095
1286514188
888462649880608768
564788345
744590324669026305
822334501
73970081
322793308
1635722634
1650040938
1415957888
518452105
454287240
2257118874
208033518
28377532
1613487114
189695526
4829835909
755845316390318080
105317409
41018935
893232249767952384
1934679318
480282164
29622705
1447347714
3218543817
421982231
806323809418702852
3904089253
186910917
1515058832
268382758
221345775
168855343
312821083
3051337917
392316791
168854361
4230679233
1611661315
805183958409478144
961491482
808061396906901504
2773963048
840594330653974528
1643886864
160621746
2178323010
2909381763
3415041099
3432224169
790873138825404416
743938146203754496
766258993329238017
2751720274
822463376
2396855688
876921990514343936
302837517
2485093791
852042667
750411040580636672
182885019
4160208072
3382525193
51901008
2883084957
828304502168158214
2366190482
909420360474472448
591386425
139473720
613604220
902633892036870144
101016470
2340882217
2279019965
734150637521403904
2282501958
1520069918
1246157846
392180473
3296571826
4865724467
2232195224
2521887710
2210446301
1424109942
760518940695076866
890036927969325056
2699147765
1273699057
93299203
259275053
833419256654135296
3403570641
948667574
3372771677
752150628068122624
172834581
846812668430368769
4230459195
3461169028
875163594383601664
700100580115615744
480903240
311195478
2477125385
77650622
734121927875428353
2772254307
157131495
71358539
3041646429
1921154011
3774836063
4901327187
913924351610822658
2536201606
53394399
293582971
2493571124
3099393623
1921506800
2788509569
112791146
706229577220296706
264184508
3210126443
169581799
2479273233
92979491
846486665136869377
298858715
871819422146732033
64565503
730395529880948736
766055102746599424
862015751099752450
826194434509381633
290790991
1656888835
154950258
61265617
486131297
567750346
27013554
77241759
503267120
50734493
436832828
625090563
720988642
893539781933707265
1378278882
28125004
49902213
295236192
816850501002203140
801754851046785025
2891223682
826239236848353285
834524028933177346
2546176939
63828899
127269942
216711751
57157201
163900383
3373127915
750285599718989824
729759405013602305
2902400159
983852802
1480377722
910473156363776000
101807167
2194959456
2334807520
2188672469
33024918
284211490
65529228
884946686703017986
751198207313674240
922345317869195266
2376484728
1681534279
70234514
2307697580
2465219180
2474422954
245109407
3044850330
286675090
913504655321296900
477173726
817053175152775169
2964500621
841842722134716418
807904202966134784
1323516601
2850163197
3348470589
2904504045
3307659179
3374145395
1656531708
3345117207
3408664162
91002323
2976625805
2413344614
1551133266
2981618555
802887193396133890
850097421908664321
800507704544399360
1126875914
2727069610
703998546668883968
2484553734
92297521
82137482
248758733
3324882071
719653203088973824
729058196069978112
919321906871984128
408534278
2855706640
924501324175237120
697930966837415936
844748148908134403
2719081839
719173868
751455085
2423639389
122233788
4804391123
270455282
3398713756
2800496619
58251516
811049079090323457
896508856918061056
824311685678829568
3065648158
3149697052
2495366267
3019715655
142846610
719194382969257984
811234418
140955282
200960858
705808371635585024
795264506679193600
2376122848
763069876365889537
176508346
2204045042
356814155
342865828
3008746919
3313693144
2163631651
387829694
3246988131
284775148
2484779553
191164739
613846534
331380279
201406300
723505062727827457
340635974
418217060
49756071
335016210
2222476286
105164339
70001268
910333382487363584
326590776
772586195880673280
549743902
829106139212238848
45825289
299364877
1467876654
2441676983
811666702236811264
2757232073
368009552
879621172849246210
393506452
3043359982
113362178
881673785887404032
883028443067240448
351564360
3392407935
119164592
2796795565
874929828289445889
109858673
1277997408
555313783
3404979046
589484686
4024300217
248848344
2437330967
2853721491
771453376630517760
757352824653148160
875029348704817154
2901671735
548049843
2926102967
887694901638549505
740322159155765248
1138413631
809158688
884137208675958784
3985720954
1022153809
2182492871
786363898215669760
45436024
2474553418
702634341759897600
2543791668
816758862221033472
126466956
1050376218
875145725176410114
905782344245809152
4819432887
4211036015
758496858746544128
4070301999
31999313
3047989130
722423692207222784
3169301406
76416364
173247309
904498040379199488
1856121810
387478898
1858235390
4719985227
814978718221398016
917072808731205633
3196380856
809093835083096064
867228336447213568
2552939775
480628743
2945884929
2188714099
317818189
3052971850
3871956761
2236505837
2365526230
344915201
746724000013910016
1584138866
314075537
2829057557
3033418671
833878170210275328
2830774323
816324117246996480
2953744209
1169339012
2314161740
726596899369816064
64207432
897571316857016323
2965953831
3782980095
564944606
803318036878999556
798948040476393479
320910539
2941658554
887364716049334274
38939777
327508176
233051770
3081939171
1068582924
719888382235701248
824296489853849600
206239969
83842558
319810251
1624619036
879569181599043586
816668223164780545
1048833919
2763621622
2764426790
3083296051
4165832914
2728704301
1355762420
898483246434058244
541856152
429375556
722946645961392128
885941699104702466
3369553054
228841892
1669426393
904745198894411779
39365761
1588603464
765309573842558977
2881689509
868999142529527809
84627955
712022261817970688
1947962988
2533764198
3018119277
56926798
3237887561
47490707
253230189
924378830
395663037
2276790672
295742683
99310131
806967241845735424
3066658965
352479390
2476094165
286259478
76999267
335535769
863425965652926468
3057481732
343854215
4623861635
307319504
4824515013
782272834294939648
216321715
576362999
1468580352
490390397
2534105637
1069130150
1915271658
405974430
253128703
41019532
29317039
701355686857469952
923259110048587777
153635406
914968968078725120
4264177701
3077990417
845758134044033024
2304384760
894772877794455552
851123422633570305
347535046
339810297
773393404642357249
857351550603337732
20412089
769548155134304257
1032513601
2601970375
824667623556313089
3304854857
2995226986
68824202
791983798812545024
887106251410243589
3732315556
141325567
810237731452448772
817561557756506112
701159680735891456
308052759
863875569884246017
812882812898578432
2175746195
159114198
706689318010671104
200708990
4654585467
314884238
441154633
2663692842
3342197333
745465218650693633
892190239934074880
